298.080000 1453.840000
297.980000 1549.540000
297.880000 1439.100000
297.780000 1424.390000
297.680000 1483.000000
297.580000 1424.900000
297.480000 1465.820000
297.380000 1458.560000
297.280000 1453.690000
297.180000 1343.220000
297.080000 1387.730000
296.980000 1343.450000
296.880000 1267.510000
296.780000 1358.750000
296.680000 1268.040000
296.580000 1333.710000
296.480000 1307.360000
296.380000 1316.990000
296.280000 1309.130000
296.180000 1297.190000
296.080000 1266.970000
295.980000 1287.920000
295.880000 1214.180000
295.780000 1244.790000
295.680000 1148.210000
295.580000 1159.760000
295.480000 1158.700000
295.380000 1203.610000
295.280000 1174.710000
295.180000 1090.380000
295.080000 1129.260000
294.980000 1129.660000
294.880000 1131.910000
294.780000 1113.360000
294.680000 1028.250000
294.580000 1045.850000
294.480000 1091.050000
294.380000 1111.910000
294.280000 1050.100000
294.180000 1019.100000
294.080000 968.005000
293.980000 1035.590000
293.880000 1020.550000
293.780000 953.227000
293.680000 1014.180000
293.580000 1005.010000
293.480000 993.303000
293.380000 946.415000
293.280000 954.367000
293.180000 985.496000
293.080000 928.711000
292.980000 935.103000
292.880000 916.933000
292.780000 970.117000
292.680000 932.170000
292.580000 930.756000
292.480000 954.731000
292.380000 933.342000
292.280000 890.912000
292.180000 945.647000
292.080000 943.711000
291.980000 900.989000
291.880000 915.488000
291.780000 907.789000
291.680000 893.174000
291.580000 999.217000
291.480000 920.824000
291.380000 1009.500000
291.280000 1036.330000
291.180000 1025.780000
291.080000 1087.300000
290.980000 1080.420000
290.880000 1145.690000
290.780000 1188.060000
290.680000 1267.850000
290.580000 1306.110000
290.480000 1285.590000
290.380000 1401.590000
290.280000 1472.670000
290.180000 1641.920000
290.080000 1665.150000
289.980000 1710.570000
289.880000 1867.100000
289.780000 1945.170000
289.680000 2059.650000
289.580000 2137.240000
289.480000 2349.710000
289.380000 2320.620000
289.280000 2423.250000
289.180000 2585.740000
289.080000 2545.230000
288.980000 2566.540000
288.880000 2671.730000
288.780000 2611.210000
288.680000 2755.520000
288.580000 2857.220000
288.480000 2848.990000
288.380000 3006.200000
288.280000 3111.720000
288.180000 3287.310000
288.080000 3542.550000
287.980000 3807.110000
287.880000 3970.230000
287.780000 4312.230000
287.680000 4522.330000
287.580000 4851.030000
287.480000 4947.590000
287.380000 5350.290000
287.280000 5882.380000
287.180000 6695.580000
287.080000 7648.200000
286.980000 8886.080000
286.880000 10555.300000
286.780000 13047.900000
286.680000 16502.400000
286.580000 20458.700000
286.480000 25400.100000
286.380000 31028.900000
286.280000 36498.900000
286.180000 41538.600000
286.080000 45409.200000
285.980000 46702.800000
285.880000 44741.600000
285.780000 40480.600000
285.680000 34682.900000
285.580000 28950.200000
285.480000 23394.300000
285.380000 19184.100000
285.280000 16152.600000
285.180000 13682.200000
285.080000 11917.800000
284.980000 10387.400000
284.880000 8865.790000
284.780000 7794.030000
284.680000 6440.380000
284.580000 5352.150000
284.480000 4612.030000
284.380000 3730.940000
284.280000 3103.000000
284.180000 2638.810000
284.080000 2047.630000
283.980000 1736.190000
283.880000 1446.270000
283.780000 1187.940000
283.680000 1043.060000
283.580000 900.291000
283.480000 798.668000
283.380000 689.523000
283.280000 573.692000
283.180000 557.922000
283.080000 518.805000
282.980000 472.208000
282.880000 447.986000
282.780000 475.145000
282.680000 432.606000
282.580000 401.820000
282.480000 366.686000
282.380000 360.980000
282.280000 337.865000
282.180000 366.251000
282.080000 362.879000
281.980000 373.650000
281.880000 343.326000
281.780000 293.738000
281.680000 328.135000
281.580000 268.126000
281.480000 327.090000
281.380000 296.659000
281.280000 314.029000
281.180000 248.692000
281.080000 249.077000
280.980000 244.953000
280.880000 240.154000
280.780000 278.904000
280.680000 289.838000
280.580000 262.670000
280.480000 228.980000
280.380000 256.972000
280.280000 259.648000
280.180000 264.237000
280.080000 273.344000
279.980000 268.608000
279.880000 246.426000
279.780000 278.151000
279.680000 252.468000
279.580000 231.238000
279.480000 214.386000
279.380000 206.868000
