298.080000 10250.200000
297.980000 10219.600000
297.880000 10062.700000
297.780000 10109.100000
297.680000 9788.870000
297.580000 9646.950000
297.480000 9801.830000
297.380000 9725.600000
297.280000 9599.370000
297.180000 9484.030000
297.080000 9318.140000
296.980000 9312.030000
296.880000 9123.990000
296.780000 9131.040000
296.680000 9243.700000
296.580000 8811.690000
296.480000 8949.340000
296.380000 8773.010000
296.280000 8591.270000
296.180000 8420.050000
296.080000 8331.380000
295.980000 8364.650000
295.880000 8547.120000
295.780000 8350.080000
295.680000 8214.970000
295.580000 8107.680000
295.480000 7888.810000
295.380000 8046.880000
295.280000 7872.600000
295.180000 7639.950000
295.080000 7639.220000
294.980000 7588.630000
294.880000 7665.000000
294.780000 7416.140000
294.680000 7308.980000
294.580000 7367.970000
294.480000 7194.560000
294.380000 6983.140000
294.280000 7140.700000
294.180000 6940.060000
294.080000 6891.480000
293.980000 6903.980000
293.880000 6794.890000
293.780000 6916.070000
293.680000 6749.520000
293.580000 6753.900000
293.480000 6487.270000
293.380000 6318.380000
293.280000 6416.480000
293.180000 6457.380000
293.080000 6437.520000
292.980000 6154.640000
292.880000 6044.500000
292.780000 6189.460000
292.680000 6154.580000
292.580000 6112.690000
292.480000 6204.300000
292.380000 6083.480000
292.280000 6048.680000
292.180000 6196.300000
292.080000 6233.660000
291.980000 6128.180000
291.880000 5846.050000
291.780000 6102.020000
291.680000 6072.670000
291.580000 6046.230000
291.480000 6095.800000
291.380000 6175.800000
291.280000 6339.340000
291.180000 6249.510000
291.080000 6098.460000
290.980000 6334.240000
290.880000 6490.500000
290.780000 6514.810000
290.680000 6536.120000
290.580000 6626.130000
290.480000 6859.640000
290.380000 7198.360000
290.280000 7303.900000
290.180000 7362.780000
290.080000 7761.360000
289.980000 8061.790000
289.880000 8632.250000
289.780000 8944.260000
289.680000 9439.290000
289.580000 10033.200000
289.480000 10751.500000
289.380000 11581.500000
289.280000 12375.600000
289.180000 13256.900000
289.080000 14191.600000
288.980000 15115.200000
288.880000 15792.700000
288.780000 16383.200000
288.680000 16600.900000
288.580000 17217.500000
288.480000 17544.200000
288.380000 17944.700000
288.280000 18162.200000
288.180000 18379.700000
288.080000 18647.700000
287.980000 18865.300000
287.880000 19585.100000
287.780000 19969.500000
287.680000 20222.700000
287.580000 21384.800000
287.480000 22390.500000
287.380000 23629.600000
287.280000 24895.200000
287.180000 26329.800000
287.080000 27563.000000
286.980000 29564.600000
286.880000 31868.000000
286.780000 34478.500000
286.680000 37351.400000
286.580000 41118.000000
286.480000 46340.500000
286.380000 53570.900000
286.280000 62638.700000
286.180000 75887.500000
286.080000 92198.400000
285.980000 112552.000000
285.880000 136027.000000
285.780000 162442.000000
285.680000 189123.000000
285.580000 214751.000000
285.480000 232783.000000
285.380000 242771.000000
285.280000 241875.000000
285.180000 230751.000000
285.080000 210953.000000
284.980000 186775.000000
284.880000 161079.000000
284.780000 138448.000000
284.680000 120556.000000
284.580000 105378.000000
284.480000 93790.400000
284.380000 83344.100000
284.280000 74051.900000
284.180000 64254.200000
284.080000 55202.900000
283.980000 46630.300000
283.880000 38291.300000
283.780000 31369.900000
283.680000 25828.300000
283.580000 20675.600000
283.480000 16671.300000
283.380000 13087.100000
283.280000 10961.400000
283.180000 8873.970000
283.080000 7498.530000
282.980000 6194.790000
282.880000 5263.010000
282.780000 4594.790000
282.680000 4069.330000
282.580000 3776.960000
282.480000 3456.840000
282.380000 3143.390000
282.280000 3068.450000
282.180000 2815.840000
282.080000 2576.830000
281.980000 2502.240000
281.880000 2374.930000
281.780000 2265.910000
281.680000 2236.200000
281.580000 2217.940000
281.480000 1951.680000
281.380000 1991.180000
281.280000 1859.420000
281.180000 1943.640000
281.080000 1824.950000
280.980000 1818.270000
280.880000 1734.130000
280.780000 1617.560000
280.680000 1584.460000
280.580000 1541.270000
280.480000 1594.840000
280.380000 1524.820000
280.280000 1540.160000
280.180000 1482.490000
280.080000 1398.970000
279.980000 1468.420000
279.880000 1398.940000
279.780000 1366.370000
279.680000 1447.250000
279.580000 1464.580000
279.480000 1341.900000
279.380000 1303.210000
