298.080000 689.468000
297.980000 634.569000
297.880000 672.431000
297.780000 630.603000
297.680000 657.644000
297.580000 715.964000
297.480000 642.647000
297.380000 653.541000
297.280000 598.984000
297.180000 588.036000
297.080000 587.222000
296.980000 648.213000
296.880000 659.932000
296.780000 630.248000
296.680000 643.120000
296.580000 610.496000
296.480000 563.918000
296.380000 527.702000
296.280000 554.589000
296.180000 571.530000
296.080000 546.246000
295.980000 603.893000
295.880000 537.036000
295.780000 555.962000
295.680000 575.062000
295.580000 550.715000
295.480000 571.093000
295.380000 549.013000
295.280000 600.617000
295.180000 541.066000
295.080000 508.159000
294.980000 505.491000
294.880000 488.296000
294.780000 562.406000
294.680000 476.874000
294.580000 501.643000
294.480000 482.160000
294.380000 518.161000
294.280000 513.597000
294.180000 488.557000
294.080000 468.927000
293.980000 541.064000
293.880000 448.406000
293.780000 482.255000
293.680000 445.989000
293.580000 435.204000
293.480000 446.273000
293.380000 474.143000
293.280000 490.246000
293.180000 438.489000
293.080000 465.794000
292.980000 436.790000
292.880000 468.796000
292.780000 451.828000
292.680000 421.592000
292.580000 447.136000
292.480000 469.641000
292.380000 432.925000
292.280000 471.097000
292.180000 392.205000
292.080000 455.731000
291.980000 473.651000
291.880000 472.692000
291.780000 490.343000
291.680000 564.081000
291.580000 489.892000
291.480000 486.167000
291.380000 487.525000
291.280000 460.954000
291.180000 496.781000
291.080000 501.876000
290.980000 529.449000
290.880000 484.172000
290.780000 594.330000
290.680000 625.070000
290.580000 685.759000
290.480000 655.404000
290.380000 668.230000
290.280000 764.971000
290.180000 819.313000
290.080000 797.555000
289.980000 877.728000
289.880000 955.429000
289.780000 972.658000
289.680000 1035.170000
289.580000 1123.200000
289.480000 1229.420000
289.380000 1173.610000
289.280000 1196.680000
289.180000 1143.450000
289.080000 1255.640000
288.980000 1281.660000
288.880000 1190.610000
288.780000 1367.020000
288.680000 1430.440000
288.580000 1435.440000
288.480000 1476.510000
288.380000 1534.970000
288.280000 1611.900000
288.180000 1679.940000
288.080000 1753.650000
287.980000 1948.110000
287.880000 1993.110000
287.780000 2147.350000
287.680000 2227.120000
287.580000 2394.890000
287.480000 2753.210000
287.380000 3092.870000
287.280000 3338.880000
287.180000 3673.340000
287.080000 4534.150000
286.980000 5199.420000
286.880000 6600.300000
286.780000 8186.080000
286.680000 10225.000000
286.580000 12478.400000
286.480000 15469.700000
286.380000 17833.500000
286.280000 20097.700000
286.180000 21746.900000
286.080000 21473.000000
285.980000 20392.900000
285.880000 18120.100000
285.780000 15070.900000
285.680000 12101.700000
285.580000 9940.640000
285.480000 8201.420000
285.380000 6623.500000
285.280000 5576.480000
285.180000 4828.270000
285.080000 4083.500000
284.980000 3554.310000
284.880000 3142.380000
284.780000 2606.750000
284.680000 2214.910000
284.580000 1833.770000
284.480000 1559.030000
284.380000 1248.780000
284.280000 1017.460000
284.180000 799.849000
284.080000 644.800000
283.980000 573.041000
283.880000 503.415000
283.780000 432.266000
283.680000 384.334000
283.580000 319.587000
283.480000 278.410000
283.380000 262.067000
283.280000 212.696000
283.180000 234.322000
283.080000 224.134000
282.980000 194.923000
282.880000 197.813000
282.780000 191.727000
282.680000 170.324000
282.580000 152.810000
282.480000 174.795000
282.380000 153.467000
282.280000 189.402000
282.180000 202.466000
282.080000 168.310000
281.980000 167.819000
281.880000 138.900000
281.780000 153.537000
281.680000 113.513000
281.580000 138.760000
281.480000 148.495000
281.380000 121.945000
281.280000 139.902000
281.180000 102.963000
281.080000 114.435000
280.980000 105.681000
280.880000 135.191000
280.780000 122.849000
280.680000 117.141000
280.580000 119.448000
280.480000 112.907000
280.380000 116.087000
280.280000 108.205000
280.180000 125.762000
280.080000 116.528000
279.980000 94.818300
279.880000 102.609000
279.780000 111.308000
279.680000 97.330200
279.580000 131.846000
279.480000 112.482000
279.380000 94.716900
