298.080000 3635.340000
297.980000 3733.380000
297.880000 3534.670000
297.780000 3416.410000
297.680000 3443.990000
297.580000 3476.180000
297.480000 3427.420000
297.380000 3434.680000
297.280000 3419.540000
297.180000 3275.010000
297.080000 3348.720000
296.980000 3138.610000
296.880000 3341.400000
296.780000 3104.780000
296.680000 3152.890000
296.580000 3232.370000
296.480000 3051.970000
296.380000 3021.270000
296.280000 3070.960000
296.180000 2891.900000
296.080000 2881.670000
295.980000 2888.260000
295.880000 2903.920000
295.780000 2846.790000
295.680000 2861.320000
295.580000 2888.640000
295.480000 2761.260000
295.380000 2674.140000
295.280000 2756.850000
295.180000 2597.510000
295.080000 2662.860000
294.980000 2536.370000
294.880000 2620.490000
294.780000 2697.730000
294.680000 2515.890000
294.580000 2495.910000
294.480000 2554.840000
294.380000 2449.510000
294.280000 2403.720000
294.180000 2419.800000
294.080000 2373.070000
293.980000 2333.900000
293.880000 2450.720000
293.780000 2315.770000
293.680000 2330.810000
293.580000 2176.620000
293.480000 2205.280000
293.380000 2164.500000
293.280000 2202.290000
293.180000 2286.740000
293.080000 2194.660000
292.980000 2229.790000
292.880000 2146.060000
292.780000 2093.810000
292.680000 2094.750000
292.580000 2100.230000
292.480000 2150.110000
292.380000 2048.720000
292.280000 2136.990000
292.180000 2179.870000
292.080000 2145.070000
291.980000 2158.320000
291.880000 2144.600000
291.780000 2194.830000
291.680000 2047.810000
291.580000 2207.680000
291.480000 2092.340000
291.380000 2350.850000
291.280000 2162.090000
291.180000 2094.580000
291.080000 2262.540000
290.980000 2295.880000
290.880000 2351.530000
290.780000 2466.000000
290.680000 2582.990000
290.580000 2711.710000
290.480000 2761.950000
290.380000 2806.860000
290.280000 2989.870000
290.180000 3277.450000
290.080000 3399.730000
289.980000 3566.290000
289.880000 3759.750000
289.780000 4154.670000
289.680000 4421.520000
289.580000 4769.090000
289.480000 4819.160000
289.380000 5275.020000
289.280000 5240.470000
289.180000 5471.100000
289.080000 5698.280000
288.980000 5620.810000
288.880000 5786.340000
288.780000 5900.950000
288.680000 5950.600000
288.580000 6083.560000
288.480000 6261.850000
288.380000 6280.330000
288.280000 6555.920000
288.180000 6940.660000
288.080000 7034.620000
287.980000 7508.670000
287.880000 7874.860000
287.780000 8210.060000
287.680000 8687.230000
287.580000 9388.210000
287.480000 9748.860000
287.380000 10802.500000
287.280000 11718.000000
287.180000 12488.900000
287.080000 13559.400000
286.980000 15368.900000
286.880000 17527.200000
286.780000 20540.400000
286.680000 24702.200000
286.580000 30512.100000
286.480000 37728.800000
286.380000 46453.200000
286.280000 57457.500000
286.180000 68986.700000
286.080000 80465.000000
285.980000 91554.000000
285.880000 97962.500000
285.780000 100808.000000
285.680000 97418.900000
285.580000 89120.900000
285.480000 77866.200000
285.380000 65686.400000
285.280000 54378.800000
285.180000 45307.600000
285.080000 37844.000000
284.980000 32276.700000
284.880000 28161.900000
284.780000 24355.800000
284.680000 21884.600000
284.580000 18369.100000
284.480000 15742.600000
284.380000 13165.600000
284.280000 10983.300000
284.180000 8877.980000
284.080000 7557.820000
283.980000 6076.540000
283.880000 4839.630000
283.780000 3992.580000
283.680000 3280.640000
283.580000 2701.810000
283.480000 2372.150000
283.380000 2001.930000
283.280000 1762.880000
283.180000 1622.330000
283.080000 1504.110000
282.980000 1375.030000
282.880000 1217.150000
282.780000 1076.150000
282.680000 955.393000
282.580000 992.825000
282.480000 1009.130000
282.380000 1002.300000
282.280000 939.250000
282.180000 869.631000
282.080000 793.054000
281.980000 730.782000
281.880000 749.484000
281.780000 742.315000
281.680000 749.134000
281.580000 735.615000
281.480000 708.512000
281.380000 651.963000
281.280000 668.869000
281.180000 683.022000
281.080000 642.862000
280.980000 641.819000
280.880000 626.565000
280.780000 623.577000
280.680000 576.063000
280.580000 593.239000
280.480000 566.139000
280.380000 623.652000
280.280000 631.958000
280.180000 569.150000
280.080000 560.727000
279.980000 519.738000
279.880000 554.189000
279.780000 508.201000
279.680000 537.881000
279.580000 483.486000
279.480000 577.459000
279.380000 551.726000
