298.080000 6287.360000
297.980000 6011.660000
297.880000 5968.170000
297.780000 5706.760000
297.680000 5882.860000
297.580000 5671.580000
297.480000 5969.440000
297.380000 5721.240000
297.280000 5519.040000
297.180000 5589.840000
297.080000 5557.490000
296.980000 5548.770000
296.880000 5281.880000
296.780000 5353.590000
296.680000 5312.900000
296.580000 5203.930000
296.480000 5197.690000
296.380000 5064.450000
296.280000 4995.830000
296.180000 4955.980000
296.080000 4923.740000
295.980000 4989.260000
295.880000 4780.260000
295.780000 4608.420000
295.680000 4681.240000
295.580000 4798.690000
295.480000 4647.840000
295.380000 4710.800000
295.280000 4506.670000
295.180000 4549.240000
295.080000 4478.960000
294.980000 4323.690000
294.880000 4320.880000
294.780000 4294.090000
294.680000 4299.490000
294.580000 4339.200000
294.480000 4172.560000
294.380000 4169.790000
294.280000 4011.220000
294.180000 4024.780000
294.080000 4045.940000
293.980000 3895.590000
293.880000 4029.650000
293.780000 3827.730000
293.680000 3947.210000
293.580000 3882.540000
293.480000 3800.190000
293.380000 3811.720000
293.280000 3875.750000
293.180000 3876.740000
293.080000 3791.830000
292.980000 3633.390000
292.880000 3675.170000
292.780000 3572.730000
292.680000 3636.880000
292.580000 3606.920000
292.480000 3520.290000
292.380000 3514.600000
292.280000 3551.490000
292.180000 3566.280000
292.080000 3653.670000
291.980000 3594.530000
291.880000 3659.130000
291.780000 3495.060000
291.680000 3409.120000
291.580000 3523.530000
291.480000 3755.760000
291.380000 3714.740000
291.280000 3781.510000
291.180000 3764.030000
291.080000 3838.710000
290.980000 3822.380000
290.880000 3904.080000
290.780000 3944.690000
290.680000 4085.360000
290.580000 4245.400000
290.480000 4399.810000
290.380000 4506.240000
290.280000 4522.440000
290.180000 4724.920000
290.080000 5173.280000
289.980000 5447.370000
289.880000 5806.020000
289.780000 6390.590000
289.680000 6521.700000
289.580000 6916.490000
289.480000 7488.490000
289.380000 7910.630000
289.280000 8244.480000
289.180000 8760.510000
289.080000 9193.650000
288.980000 9516.550000
288.880000 9506.330000
288.780000 9557.170000
288.680000 10069.100000
288.580000 10070.600000
288.480000 10371.500000
288.380000 10501.100000
288.280000 10474.900000
288.180000 10849.400000
288.080000 11266.300000
287.980000 11855.000000
287.880000 12099.500000
287.780000 12416.000000
287.680000 13151.300000
287.580000 13798.200000
287.480000 14808.000000
287.380000 16035.400000
287.280000 16833.800000
287.180000 18037.200000
287.080000 19658.300000
286.980000 21013.000000
286.880000 23525.500000
286.780000 26384.500000
286.680000 30393.000000
286.580000 35906.400000
286.480000 42960.300000
286.380000 52896.100000
286.280000 65037.100000
286.180000 79215.100000
286.080000 95877.000000
285.980000 115145.000000
285.880000 131653.000000
285.780000 146098.000000
285.680000 155574.000000
285.580000 157167.000000
285.480000 151053.000000
285.380000 138681.000000
285.280000 121121.000000
285.180000 103001.000000
285.080000 86333.400000
284.980000 73044.200000
284.880000 62170.400000
284.780000 54345.900000
284.680000 47448.900000
284.580000 41547.300000
284.480000 36126.700000
284.380000 30417.600000
284.280000 25851.400000
284.180000 21880.600000
284.080000 18172.800000
283.980000 14798.100000
283.880000 11770.400000
283.780000 9604.300000
283.680000 7887.810000
283.580000 6450.870000
283.480000 5414.280000
283.380000 4443.880000
283.280000 3809.570000
283.180000 3230.650000
283.080000 2806.920000
282.980000 2645.180000
282.880000 2322.160000
282.780000 2087.580000
282.680000 1951.560000
282.580000 1839.490000
282.480000 1825.750000
282.380000 1708.690000
282.280000 1556.950000
282.180000 1568.060000
282.080000 1441.300000
281.980000 1352.530000
281.880000 1256.110000
281.780000 1256.340000
281.680000 1210.670000
281.580000 1200.880000
281.480000 1106.910000
281.380000 1064.230000
281.280000 1119.330000
281.180000 1019.970000
281.080000 1049.680000
280.980000 1027.050000
280.880000 1043.580000
280.780000 966.872000
280.680000 1029.120000
280.580000 997.201000
280.480000 984.723000
280.380000 1010.640000
280.280000 964.049000
280.180000 975.213000
280.080000 826.537000
279.980000 875.616000
279.880000 871.374000
279.780000 924.554000
279.680000 919.949000
279.580000 923.706000
279.480000 906.976000
279.380000 833.297000
