298.080000 10965.000000
297.980000 11163.900000
297.880000 10771.000000
297.780000 10876.200000
297.680000 10696.700000
297.580000 10635.000000
297.480000 10534.900000
297.380000 10685.600000
297.280000 10380.500000
297.180000 10349.500000
297.080000 10007.900000
296.980000 9903.180000
296.880000 9781.550000
296.780000 9734.760000
296.680000 9720.060000
296.580000 9615.720000
296.480000 9625.530000
296.380000 9201.290000
296.280000 9150.540000
296.180000 9273.390000
296.080000 9329.470000
295.980000 9187.310000
295.880000 8873.430000
295.780000 8897.510000
295.680000 8883.300000
295.580000 8601.740000
295.480000 8510.000000
295.380000 8505.260000
295.280000 8365.690000
295.180000 8482.300000
295.080000 8383.790000
294.980000 8393.940000
294.880000 8274.910000
294.780000 7774.220000
294.680000 7804.140000
294.580000 8135.600000
294.480000 7908.870000
294.380000 7756.340000
294.280000 7678.790000
294.180000 7584.280000
294.080000 7265.040000
293.980000 7598.150000
293.880000 7411.570000
293.780000 7235.130000
293.680000 7101.910000
293.580000 7052.290000
293.480000 7003.220000
293.380000 7125.100000
293.280000 7007.080000
293.180000 6611.790000
293.080000 6659.920000
292.980000 6609.600000
292.880000 6794.070000
292.780000 6656.490000
292.680000 6543.150000
292.580000 6420.160000
292.480000 6531.790000
292.380000 6327.450000
292.280000 6231.590000
292.180000 6315.240000
292.080000 6472.920000
291.980000 6441.480000
291.880000 6467.310000
291.780000 6460.230000
291.680000 6428.950000
291.580000 6364.000000
291.480000 6513.010000
291.380000 6516.870000
291.280000 6526.010000
291.180000 6424.750000
291.080000 6607.000000
290.980000 6661.680000
290.880000 6527.730000
290.780000 6694.030000
290.680000 7015.940000
290.580000 7099.990000
290.480000 7328.520000
290.380000 7268.350000
290.280000 7527.910000
290.180000 8005.650000
290.080000 8093.560000
289.980000 8189.710000
289.880000 8739.020000
289.780000 8750.470000
289.680000 9397.410000
289.580000 9887.270000
289.480000 10623.400000
289.380000 11236.800000
289.280000 12319.000000
289.180000 13157.600000
289.080000 13933.400000
288.980000 15516.800000
288.880000 16012.300000
288.780000 16850.500000
288.680000 17763.800000
288.580000 18388.400000
288.480000 18237.200000
288.380000 18723.500000
288.280000 19540.200000
288.180000 19585.000000
288.080000 19696.700000
287.980000 20151.100000
287.880000 20381.200000
287.780000 21113.100000
287.680000 21540.800000
287.580000 22529.200000
287.480000 23066.900000
287.380000 24250.800000
287.280000 25659.400000
287.180000 27197.900000
287.080000 28265.700000
286.980000 29873.100000
286.880000 31825.600000
286.780000 34076.600000
286.680000 36309.100000
286.580000 39913.100000
286.480000 44893.200000
286.380000 50802.200000
286.280000 58388.100000
286.180000 68767.000000
286.080000 82696.300000
285.980000 101518.000000
285.880000 122461.000000
285.780000 149078.000000
285.680000 177186.000000
285.580000 204327.000000
285.480000 229438.000000
285.380000 247273.000000
285.280000 254916.000000
285.180000 252216.000000
285.080000 239956.000000
284.980000 217696.000000
284.880000 191977.000000
284.780000 166493.000000
284.680000 143728.000000
284.580000 125674.000000
284.480000 111217.000000
284.380000 98947.800000
284.280000 88445.400000
284.180000 79087.400000
284.080000 69428.100000
283.980000 59949.700000
283.880000 50160.200000
283.780000 41386.000000
283.680000 33704.500000
283.580000 28029.500000
283.480000 21922.800000
283.380000 17964.600000
283.280000 13925.000000
283.180000 11406.100000
283.080000 9422.530000
282.980000 7913.520000
282.880000 6615.110000
282.780000 5750.980000
282.680000 4790.420000
282.580000 4407.860000
282.480000 3864.480000
282.380000 3583.150000
282.280000 3433.860000
282.180000 3045.630000
282.080000 2804.890000
281.980000 2628.630000
281.880000 2670.890000
281.780000 2417.290000
281.680000 2263.770000
281.580000 2198.160000
281.480000 2144.300000
281.380000 2169.370000
281.280000 2047.800000
281.180000 2040.100000
281.080000 1915.760000
280.980000 1867.130000
280.880000 1890.300000
280.780000 1760.340000
280.680000 1789.520000
280.580000 1716.490000
280.480000 1696.330000
280.380000 1670.710000
280.280000 1601.920000
280.180000 1486.710000
280.080000 1540.310000
279.980000 1487.170000
279.880000 1538.340000
279.780000 1524.770000
279.680000 1476.220000
279.580000 1507.520000
279.480000 1442.870000
279.380000 1370.900000
