298.080000 794.310000
297.980000 783.877000
297.880000 825.155000
297.780000 724.322000
297.680000 719.380000
297.580000 781.887000
297.480000 769.550000
297.380000 699.768000
297.280000 751.968000
297.180000 746.345000
297.080000 733.068000
296.980000 687.200000
296.880000 675.975000
296.780000 719.632000
296.680000 696.304000
296.580000 670.586000
296.480000 690.346000
296.380000 706.139000
296.280000 719.129000
296.180000 666.941000
296.080000 635.177000
295.980000 648.650000
295.880000 689.080000
295.780000 703.304000
295.680000 674.913000
295.580000 600.944000
295.480000 581.693000
295.380000 570.376000
295.280000 622.472000
295.180000 673.084000
295.080000 628.817000
294.980000 573.636000
294.880000 555.119000
294.780000 573.197000
294.680000 625.369000
294.580000 550.923000
294.480000 548.532000
294.380000 566.103000
294.280000 569.185000
294.180000 561.339000
294.080000 508.029000
293.980000 587.122000
293.880000 560.713000
293.780000 544.251000
293.680000 470.687000
293.580000 514.428000
293.480000 514.447000
293.380000 507.061000
293.280000 492.650000
293.180000 537.640000
293.080000 542.954000
292.980000 484.152000
292.880000 557.042000
292.780000 467.784000
292.680000 463.525000
292.580000 490.231000
292.480000 536.672000
292.380000 489.719000
292.280000 484.514000
292.180000 433.650000
292.080000 481.942000
291.980000 565.319000
291.880000 511.329000
291.780000 511.373000
291.680000 537.753000
291.580000 596.100000
291.480000 562.008000
291.380000 538.379000
291.280000 572.718000
291.180000 573.049000
291.080000 648.922000
290.980000 666.546000
290.880000 637.801000
290.780000 603.435000
290.680000 679.897000
290.580000 666.411000
290.480000 780.063000
290.380000 725.947000
290.280000 856.122000
290.180000 888.816000
290.080000 979.782000
289.980000 1044.520000
289.880000 1141.110000
289.780000 1207.300000
289.680000 1290.880000
289.580000 1252.210000
289.480000 1296.580000
289.380000 1333.210000
289.280000 1340.600000
289.180000 1422.460000
289.080000 1321.810000
288.980000 1466.540000
288.880000 1463.670000
288.780000 1496.880000
288.680000 1566.080000
288.580000 1626.120000
288.480000 1581.360000
288.380000 1651.200000
288.280000 1767.390000
288.180000 1863.270000
288.080000 1994.390000
287.980000 2084.250000
287.880000 2275.420000
287.780000 2464.850000
287.680000 2650.260000
287.580000 2808.360000
287.480000 3051.070000
287.380000 3241.590000
287.280000 3762.940000
287.180000 4051.440000
287.080000 4735.830000
286.980000 5805.160000
286.880000 7311.930000
286.780000 9271.100000
286.680000 11507.400000
286.580000 13931.300000
286.480000 17055.900000
286.380000 19891.600000
286.280000 22235.800000
286.180000 24375.400000
286.080000 24461.100000
285.980000 22772.700000
285.880000 20478.900000
285.780000 17282.600000
285.680000 14126.000000
285.580000 11578.300000
285.480000 9332.210000
285.380000 7707.250000
285.280000 6651.650000
285.180000 5751.860000
285.080000 4988.890000
284.980000 4297.220000
284.880000 3775.690000
284.780000 3082.860000
284.680000 2765.680000
284.580000 2169.720000
284.480000 1854.900000
284.380000 1438.210000
284.280000 1175.960000
284.180000 994.115000
284.080000 729.537000
283.980000 677.504000
283.880000 562.415000
283.780000 481.748000
283.680000 400.788000
283.580000 371.581000
283.480000 328.601000
283.380000 308.822000
283.280000 284.182000
283.180000 271.029000
283.080000 219.138000
282.980000 196.256000
282.880000 208.858000
282.780000 230.631000
282.680000 218.831000
282.580000 183.862000
282.480000 204.142000
282.380000 198.736000
282.280000 153.115000
282.180000 184.287000
282.080000 159.548000
281.980000 158.593000
281.880000 172.495000
281.780000 156.755000
281.680000 152.451000
281.580000 155.551000
281.480000 154.020000
281.380000 125.803000
281.280000 142.684000
281.180000 153.571000
281.080000 153.133000
280.980000 125.524000
280.880000 126.769000
280.780000 127.748000
280.680000 132.561000
280.580000 129.078000
280.480000 146.033000
280.380000 143.835000
280.280000 107.823000
280.180000 116.340000
280.080000 137.190000
279.980000 132.972000
279.880000 146.370000
279.780000 126.489000
279.680000 139.249000
279.580000 107.275000
279.480000 134.245000
279.380000 90.668100
