298.080000 1092.360000
297.980000 1195.010000
297.880000 1175.960000
297.780000 1142.130000
297.680000 1142.520000
297.580000 1208.780000
297.480000 1047.400000
297.380000 1033.660000
297.280000 1071.450000
297.180000 1025.870000
297.080000 1025.970000
296.980000 1038.290000
296.880000 1024.820000
296.780000 1122.240000
296.680000 1000.910000
296.580000 1007.580000
296.480000 1069.760000
296.380000 1025.470000
296.280000 1038.000000
296.180000 1023.200000
296.080000 955.861000
295.980000 947.316000
295.880000 920.270000
295.780000 959.423000
295.680000 892.188000
295.580000 934.448000
295.480000 919.692000
295.380000 901.953000
295.280000 911.772000
295.180000 892.181000
295.080000 814.600000
294.980000 869.895000
294.880000 848.174000
294.780000 845.871000
294.680000 844.873000
294.580000 789.434000
294.480000 810.084000
294.380000 818.444000
294.280000 854.374000
294.180000 764.535000
294.080000 819.622000
293.980000 792.178000
293.880000 836.664000
293.780000 750.754000
293.680000 771.327000
293.580000 785.082000
293.480000 724.021000
293.380000 747.243000
293.280000 797.949000
293.180000 715.125000
293.080000 765.164000
292.980000 769.817000
292.880000 785.961000
292.780000 798.245000
292.680000 752.686000
292.580000 720.944000
292.480000 725.798000
292.380000 753.397000
292.280000 699.669000
292.180000 744.552000
292.080000 744.074000
291.980000 755.923000
291.880000 818.626000
291.780000 701.119000
291.680000 802.338000
291.580000 821.711000
291.480000 767.295000
291.380000 796.315000
291.280000 786.449000
291.180000 809.499000
291.080000 850.012000
290.980000 932.616000
290.880000 902.977000
290.780000 847.587000
290.680000 941.208000
290.580000 1046.210000
290.480000 1113.910000
290.380000 1099.140000
290.280000 1119.300000
290.180000 1283.150000
290.080000 1238.860000
289.980000 1318.550000
289.880000 1561.480000
289.780000 1558.990000
289.680000 1710.190000
289.580000 1819.300000
289.480000 1873.520000
289.380000 1835.910000
289.280000 1980.940000
289.180000 1884.070000
289.080000 2019.270000
288.980000 2026.870000
288.880000 2112.580000
288.780000 2131.100000
288.680000 2155.370000
288.580000 2225.990000
288.480000 2331.040000
288.380000 2390.850000
288.280000 2522.240000
288.180000 2649.330000
288.080000 2769.100000
287.980000 3050.540000
287.880000 3213.330000
287.780000 3478.510000
287.680000 3574.540000
287.580000 3725.490000
287.480000 4065.640000
287.380000 4373.870000
287.280000 4902.170000
287.180000 5466.530000
287.080000 6217.250000
286.980000 7434.240000
286.880000 9108.250000
286.780000 11163.600000
286.680000 14165.500000
286.580000 17342.400000
286.480000 21543.500000
286.380000 26158.200000
286.280000 30735.000000
286.180000 34325.100000
286.080000 36323.800000
285.980000 36116.000000
285.880000 33337.600000
285.780000 29846.100000
285.680000 25079.600000
285.580000 20418.000000
285.480000 16593.000000
285.380000 13182.600000
285.280000 11308.000000
285.180000 9819.120000
285.080000 8707.550000
284.980000 7405.800000
284.880000 6589.690000
284.780000 5491.300000
284.680000 4651.860000
284.580000 4073.250000
284.480000 3323.390000
284.380000 2670.930000
284.280000 2073.670000
284.180000 1799.000000
284.080000 1481.320000
283.980000 1237.460000
283.880000 1097.700000
283.780000 875.835000
283.680000 707.090000
283.580000 688.703000
283.480000 562.168000
283.380000 500.742000
283.280000 447.501000
283.180000 463.356000
283.080000 437.740000
282.980000 381.680000
282.880000 345.543000
282.780000 330.986000
282.680000 315.330000
282.580000 299.761000
282.480000 310.743000
282.380000 221.358000
282.280000 309.997000
282.180000 246.984000
282.080000 261.576000
281.980000 261.699000
281.880000 250.323000
281.780000 256.305000
281.680000 243.053000
281.580000 219.324000
281.480000 241.692000
281.380000 226.858000
281.280000 239.635000
281.180000 179.334000
281.080000 189.760000
280.980000 222.839000
280.880000 213.852000
280.780000 191.194000
280.680000 206.652000
280.580000 223.338000
280.480000 220.963000
280.380000 226.055000
280.280000 226.761000
280.180000 214.017000
280.080000 178.885000
279.980000 203.737000
279.880000 181.270000
279.780000 176.607000
279.680000 197.510000
279.580000 175.974000
279.480000 178.596000
279.380000 159.392000
