298.080000 1978.980000
297.980000 1885.140000
297.880000 1932.440000
297.780000 1929.700000
297.680000 1928.050000
297.580000 1808.060000
297.480000 1850.830000
297.380000 1914.300000
297.280000 1876.670000
297.180000 1851.000000
297.080000 1801.060000
296.980000 1855.380000
296.880000 1804.360000
296.780000 1747.170000
296.680000 1707.060000
296.580000 1746.190000
296.480000 1722.700000
296.380000 1728.280000
296.280000 1771.080000
296.180000 1627.970000
296.080000 1604.250000
295.980000 1673.000000
295.880000 1635.080000
295.780000 1528.970000
295.680000 1621.830000
295.580000 1529.040000
295.480000 1414.810000
295.380000 1514.100000
295.280000 1448.940000
295.180000 1551.850000
295.080000 1474.500000
294.980000 1500.400000
294.880000 1595.270000
294.780000 1506.320000
294.680000 1482.320000
294.580000 1419.190000
294.480000 1456.420000
294.380000 1336.130000
294.280000 1321.200000
294.180000 1336.530000
294.080000 1333.380000
293.980000 1312.340000
293.880000 1348.660000
293.780000 1283.830000
293.680000 1245.530000
293.580000 1294.390000
293.480000 1296.960000
293.380000 1252.610000
293.280000 1229.430000
293.180000 1292.970000
293.080000 1281.660000
292.980000 1251.430000
292.880000 1217.060000
292.780000 1280.580000
292.680000 1207.920000
292.580000 1272.370000
292.480000 1240.730000
292.380000 1292.860000
292.280000 1221.810000
292.180000 1241.070000
292.080000 1214.550000
291.980000 1214.280000
291.880000 1209.880000
291.780000 1178.120000
291.680000 1265.110000
291.580000 1286.330000
291.480000 1241.010000
291.380000 1244.030000
291.280000 1357.370000
291.180000 1315.330000
291.080000 1380.770000
290.980000 1390.170000
290.880000 1593.770000
290.780000 1550.380000
290.680000 1537.710000
290.580000 1571.050000
290.480000 1660.690000
290.380000 1713.050000
290.280000 1836.810000
290.180000 2083.220000
290.080000 2162.100000
289.980000 2206.900000
289.880000 2406.210000
289.780000 2613.090000
289.680000 2703.480000
289.580000 2772.160000
289.480000 2890.200000
289.380000 2983.060000
289.280000 3160.110000
289.180000 3250.970000
289.080000 3289.690000
288.980000 3294.960000
288.880000 3417.160000
288.780000 3314.450000
288.680000 3426.370000
288.580000 3476.860000
288.480000 3887.170000
288.380000 3914.260000
288.280000 3998.610000
288.180000 4169.700000
288.080000 4254.940000
287.980000 4499.630000
287.880000 5019.180000
287.780000 5348.750000
287.680000 5492.320000
287.580000 5997.520000
287.480000 6327.500000
287.380000 6893.450000
287.280000 7384.290000
287.180000 8068.260000
287.080000 9372.600000
286.980000 10592.600000
286.880000 12462.300000
286.780000 15458.900000
286.680000 19124.200000
286.580000 23500.400000
286.480000 29326.800000
286.380000 36449.700000
286.280000 43165.800000
286.180000 50555.500000
286.080000 56140.900000
285.980000 59830.400000
285.880000 58948.400000
285.780000 55313.100000
285.680000 49453.400000
285.580000 41798.800000
285.480000 34386.400000
285.380000 27967.600000
285.280000 23261.100000
285.180000 19750.300000
285.080000 17153.400000
284.980000 14800.500000
284.880000 12919.100000
284.780000 10776.500000
284.680000 9164.120000
284.580000 8098.210000
284.480000 6701.100000
284.380000 5590.160000
284.280000 4655.240000
284.180000 3773.470000
284.080000 3106.310000
283.980000 2475.410000
283.880000 2086.060000
283.780000 1739.670000
283.680000 1381.980000
283.580000 1255.100000
283.480000 1142.590000
283.380000 988.170000
283.280000 883.408000
283.180000 733.769000
283.080000 670.016000
282.980000 644.744000
282.880000 644.382000
282.780000 585.751000
282.680000 561.420000
282.580000 553.306000
282.480000 513.258000
282.380000 443.036000
282.280000 479.029000
282.180000 500.778000
282.080000 421.916000
281.980000 448.243000
281.880000 443.921000
281.780000 412.795000
281.680000 416.487000
281.580000 434.055000
281.480000 365.820000
281.380000 409.479000
281.280000 352.861000
281.180000 413.576000
281.080000 370.389000
280.980000 382.007000
280.880000 340.589000
280.780000 379.381000
280.680000 322.470000
280.580000 365.953000
280.480000 326.770000
280.380000 352.467000
280.280000 313.542000
280.180000 337.863000
280.080000 346.286000
279.980000 351.158000
279.880000 398.091000
279.780000 330.876000
279.680000 338.048000
279.580000 330.046000
279.480000 321.008000
279.380000 312.906000
