298.080000 2695.920000
297.980000 2651.710000
297.880000 2639.790000
297.780000 2601.760000
297.680000 2673.460000
297.580000 2646.250000
297.480000 2656.460000
297.380000 2587.020000
297.280000 2508.550000
297.180000 2412.700000
297.080000 2475.690000
296.980000 2485.310000
296.880000 2318.060000
296.780000 2375.610000
296.680000 2337.420000
296.580000 2488.330000
296.480000 2426.290000
296.380000 2323.390000
296.280000 2299.540000
296.180000 2338.050000
296.080000 2303.500000
295.980000 2119.880000
295.880000 2151.270000
295.780000 2123.230000
295.680000 2062.640000
295.580000 2104.810000
295.480000 2103.460000
295.380000 2192.200000
295.280000 2121.500000
295.180000 1992.750000
295.080000 2175.710000
294.980000 2058.970000
294.880000 1971.040000
294.780000 1890.790000
294.680000 2048.720000
294.580000 1954.300000
294.480000 2013.090000
294.380000 1901.540000
294.280000 1749.650000
294.180000 1917.460000
294.080000 1857.260000
293.980000 1727.790000
293.880000 1726.490000
293.780000 1705.830000
293.680000 1774.550000
293.580000 1671.190000
293.480000 1711.700000
293.380000 1732.660000
293.280000 1640.440000
293.180000 1704.180000
293.080000 1626.410000
292.980000 1595.410000
292.880000 1618.400000
292.780000 1607.700000
292.680000 1677.900000
292.580000 1620.420000
292.480000 1650.320000
292.380000 1623.270000
292.280000 1562.370000
292.180000 1605.160000
292.080000 1646.320000
291.980000 1586.900000
291.880000 1618.870000
291.780000 1657.680000
291.680000 1815.660000
291.580000 1721.330000
291.480000 1693.720000
291.380000 1678.410000
291.280000 1735.300000
291.180000 1830.990000
291.080000 1824.330000
290.980000 1751.700000
290.880000 1857.690000
290.780000 1951.560000
290.680000 1909.370000
290.580000 2246.830000
290.480000 2290.530000
290.380000 2243.180000
290.280000 2475.730000
290.180000 2696.630000
290.080000 2643.900000
289.980000 2834.700000
289.880000 2913.990000
289.780000 3247.330000
289.680000 3347.040000
289.580000 3618.760000
289.480000 3743.770000
289.380000 4128.360000
289.280000 4045.430000
289.180000 4156.470000
289.080000 4305.750000
288.980000 4354.560000
288.880000 4468.410000
288.780000 4458.390000
288.680000 4585.300000
288.580000 4604.550000
288.480000 4691.920000
288.380000 5042.810000
288.280000 5207.840000
288.180000 5205.010000
288.080000 5597.330000
287.980000 5880.530000
287.880000 6178.940000
287.780000 6563.690000
287.680000 7129.000000
287.580000 7610.540000
287.480000 8165.840000
287.380000 8592.590000
287.280000 9370.510000
287.180000 10170.200000
287.080000 11390.500000
286.980000 12843.400000
286.880000 15180.400000
286.780000 17829.800000
286.680000 22028.300000
286.580000 27043.100000
286.480000 33772.400000
286.380000 41922.800000
286.280000 50618.200000
286.180000 60175.300000
286.080000 68733.800000
285.980000 75054.300000
285.880000 77822.300000
285.780000 77047.800000
285.680000 71919.700000
285.580000 62301.500000
285.480000 52686.600000
285.380000 43390.100000
285.280000 35361.800000
285.180000 29770.700000
285.080000 25466.400000
284.980000 22302.300000
284.880000 19173.400000
284.780000 17044.400000
284.680000 14313.500000
284.580000 12134.200000
284.480000 10454.300000
284.380000 8750.350000
284.280000 6976.010000
284.180000 5797.500000
284.080000 4546.080000
283.980000 3948.770000
283.880000 3216.950000
283.780000 2747.290000
283.680000 2268.790000
283.580000 1889.240000
283.480000 1585.650000
283.380000 1343.130000
283.280000 1183.640000
283.180000 1102.100000
283.080000 970.116000
282.980000 969.546000
282.880000 901.189000
282.780000 805.141000
282.680000 839.983000
282.580000 765.369000
282.480000 786.557000
282.380000 691.215000
282.280000 635.592000
282.180000 588.074000
282.080000 662.075000
281.980000 623.082000
281.880000 594.856000
281.780000 586.373000
281.680000 573.392000
281.580000 541.111000
281.480000 519.275000
281.380000 550.486000
281.280000 497.945000
281.180000 504.248000
281.080000 448.264000
280.980000 414.959000
280.880000 438.776000
280.780000 458.730000
280.680000 447.589000
280.580000 448.270000
280.480000 428.309000
280.380000 450.956000
280.280000 427.835000
280.180000 474.863000
280.080000 423.738000
279.980000 438.641000
279.880000 412.022000
279.780000 393.970000
279.680000 427.899000
279.580000 425.863000
279.480000 377.198000
279.380000 406.383000
