298.080000 7817.270000
297.980000 7572.120000
297.880000 7480.900000
297.780000 7266.550000
297.680000 7076.030000
297.580000 7086.090000
297.480000 7064.910000
297.380000 6946.120000
297.280000 7059.080000
297.180000 6926.570000
297.080000 6662.780000
296.980000 6657.040000
296.880000 6515.290000
296.780000 6769.160000
296.680000 6460.040000
296.580000 6476.510000
296.480000 6467.960000
296.380000 6188.140000
296.280000 6267.680000
296.180000 6312.450000
296.080000 6134.580000
295.980000 6064.500000
295.880000 6035.170000
295.780000 5895.460000
295.680000 5924.660000
295.580000 6037.020000
295.480000 5721.950000
295.380000 5765.790000
295.280000 5735.570000
295.180000 5760.160000
295.080000 5646.030000
294.980000 5688.680000
294.880000 5382.900000
294.780000 5516.090000
294.680000 5288.010000
294.580000 5158.550000
294.480000 5178.010000
294.380000 5392.420000
294.280000 5259.060000
294.180000 4932.640000
294.080000 4996.100000
293.980000 5047.860000
293.880000 4838.260000
293.780000 4979.630000
293.680000 4921.530000
293.580000 4807.510000
293.480000 4761.110000
293.380000 4641.650000
293.280000 4526.340000
293.180000 4629.380000
293.080000 4576.040000
292.980000 4668.030000
292.880000 4678.190000
292.780000 4431.520000
292.680000 4351.530000
292.580000 4322.390000
292.480000 4350.440000
292.380000 4292.340000
292.280000 4411.670000
292.180000 4476.750000
292.080000 4415.310000
291.980000 4555.430000
291.880000 4432.270000
291.780000 4285.860000
291.680000 4304.650000
291.580000 4413.760000
291.480000 4508.150000
291.380000 4532.970000
291.280000 4582.700000
291.180000 4747.830000
291.080000 4692.610000
290.980000 4909.420000
290.880000 4947.280000
290.780000 5055.020000
290.680000 5042.840000
290.580000 5160.280000
290.480000 5230.830000
290.380000 5455.130000
290.280000 5629.560000
290.180000 5808.980000
290.080000 6125.260000
289.980000 6665.110000
289.880000 6918.400000
289.780000 7334.770000
289.680000 7886.760000
289.580000 8463.840000
289.480000 9000.340000
289.380000 9530.110000
289.280000 10320.600000
289.180000 10807.500000
289.080000 11193.100000
288.980000 11316.800000
288.880000 11631.000000
288.780000 11942.500000
288.680000 12379.100000
288.580000 12485.800000
288.480000 12887.900000
288.380000 12920.100000
288.280000 13085.200000
288.180000 13590.900000
288.080000 13996.500000
287.980000 14135.700000
287.880000 14904.900000
287.780000 15179.800000
287.680000 15777.900000
287.580000 16722.800000
287.480000 18065.600000
287.380000 18986.600000
287.280000 19957.000000
287.180000 21331.300000
287.080000 22650.000000
286.980000 24608.300000
286.880000 26444.800000
286.780000 29572.200000
286.680000 33773.200000
286.580000 38536.600000
286.480000 45911.300000
286.380000 54778.400000
286.280000 67649.600000
286.180000 82815.600000
286.080000 100971.000000
285.980000 121935.000000
285.880000 142634.000000
285.780000 162005.000000
285.680000 178156.000000
285.580000 187171.000000
285.480000 187348.000000
285.380000 179351.000000
285.280000 163892.000000
285.180000 144426.000000
285.080000 122865.000000
284.980000 105000.000000
284.880000 88715.700000
284.780000 76557.900000
284.680000 67102.300000
284.580000 59164.700000
284.480000 51560.300000
284.380000 44512.600000
284.280000 38194.500000
284.180000 32458.200000
284.080000 26994.800000
283.980000 21880.400000
283.880000 17972.800000
283.780000 14409.100000
283.680000 11449.800000
283.580000 9600.100000
283.480000 7740.810000
283.380000 6233.670000
283.280000 5345.800000
283.180000 4549.620000
283.080000 3870.030000
282.980000 3468.800000
282.880000 3157.530000
282.780000 2868.440000
282.680000 2657.770000
282.580000 2447.280000
282.480000 2119.700000
282.380000 2091.000000
282.280000 1974.430000
282.180000 1878.050000
282.080000 1771.810000
281.980000 1588.010000
281.880000 1645.440000
281.780000 1581.130000
281.680000 1508.700000
281.580000 1519.450000
281.480000 1329.920000
281.380000 1371.350000
281.280000 1297.510000
281.180000 1492.560000
281.080000 1323.870000
280.980000 1221.310000
280.880000 1172.610000
280.780000 1201.700000
280.680000 1171.520000
280.580000 1181.170000
280.480000 1208.060000
280.380000 1126.210000
280.280000 1089.210000
280.180000 1099.840000
280.080000 1120.790000
279.980000 1191.190000
279.880000 1180.830000
279.780000 1142.360000
279.680000 1090.900000
279.580000 1050.790000
279.480000 1045.000000
279.380000 998.512000
