298.080000 11521.700000
297.980000 10867.400000
297.880000 11100.500000
297.780000 11041.400000
297.680000 10629.400000
297.580000 10867.900000
297.480000 10378.900000
297.380000 10458.600000
297.280000 10377.600000
297.180000 10376.900000
297.080000 10273.800000
296.980000 10181.200000
296.880000 9972.200000
296.780000 9893.350000
296.680000 10054.500000
296.580000 9775.330000
296.480000 9597.820000
296.380000 9223.240000
296.280000 9354.020000
296.180000 9305.560000
296.080000 9305.910000
295.980000 9228.300000
295.880000 9131.300000
295.780000 8668.630000
295.680000 8724.650000
295.580000 8833.800000
295.480000 8794.650000
295.380000 8563.390000
295.280000 8516.550000
295.180000 8344.630000
295.080000 8308.500000
294.980000 8249.940000
294.880000 7870.640000
294.780000 7901.550000
294.680000 7797.050000
294.580000 7746.660000
294.480000 7780.820000
294.380000 7581.200000
294.280000 7555.870000
294.180000 7501.920000
294.080000 7253.090000
293.980000 7297.390000
293.880000 7286.660000
293.780000 7393.300000
293.680000 7126.220000
293.580000 7009.700000
293.480000 6903.890000
293.380000 6955.380000
293.280000 6844.890000
293.180000 6753.770000
293.080000 6737.780000
292.980000 6765.280000
292.880000 6570.220000
292.780000 6389.310000
292.680000 6540.580000
292.580000 6298.450000
292.480000 6458.690000
292.380000 6383.260000
292.280000 6004.960000
292.180000 6364.380000
292.080000 6234.600000
291.980000 6190.870000
291.880000 6092.900000
291.780000 6208.050000
291.680000 5995.510000
291.580000 6121.680000
291.480000 6324.610000
291.380000 6349.950000
291.280000 6456.390000
291.180000 6229.630000
291.080000 6443.430000
290.980000 6372.540000
290.880000 6527.940000
290.780000 6495.670000
290.680000 6673.620000
290.580000 6605.560000
290.480000 6926.960000
290.380000 7036.280000
290.280000 7270.200000
290.180000 7393.620000
290.080000 7288.580000
289.980000 7716.670000
289.880000 8187.330000
289.780000 8610.550000
289.680000 8951.620000
289.580000 9237.040000
289.480000 9944.900000
289.380000 10531.100000
289.280000 11366.800000
289.180000 12400.200000
289.080000 13470.200000
288.980000 14258.300000
288.880000 15164.200000
288.780000 16090.000000
288.680000 17119.400000
288.580000 17839.600000
288.480000 17871.600000
288.380000 18550.200000
288.280000 19006.300000
288.180000 18958.200000
288.080000 19033.500000
287.980000 19508.700000
287.880000 19989.000000
287.780000 20271.700000
287.680000 20686.300000
287.580000 21487.200000
287.480000 22636.400000
287.380000 23134.700000
287.280000 23923.200000
287.180000 25139.500000
287.080000 26673.400000
286.980000 28131.300000
286.880000 29952.900000
286.780000 32092.300000
286.680000 34531.000000
286.580000 37222.900000
286.480000 41445.000000
286.380000 46781.900000
286.280000 53040.000000
286.180000 62554.200000
286.080000 74508.800000
285.980000 89914.000000
285.880000 109873.000000
285.780000 133216.000000
285.680000 158004.000000
285.580000 185394.000000
285.480000 212199.000000
285.380000 230204.000000
285.280000 243608.000000
285.180000 246618.000000
285.080000 237635.000000
284.980000 221764.000000
284.880000 199525.000000
284.780000 176367.000000
284.680000 153975.000000
284.580000 134902.000000
284.480000 121328.000000
284.380000 108229.000000
284.280000 98265.800000
284.180000 88547.300000
284.080000 78112.800000
283.980000 67235.900000
283.880000 57453.700000
283.780000 48342.200000
283.680000 39581.700000
283.580000 31686.200000
283.480000 25547.900000
283.380000 20409.700000
283.280000 16187.300000
283.180000 13029.100000
283.080000 10756.400000
282.980000 8834.500000
282.880000 7263.720000
282.780000 6351.990000
282.680000 5504.520000
282.580000 4829.140000
282.480000 4135.720000
282.380000 3726.220000
282.280000 3547.850000
282.180000 3234.800000
282.080000 3173.770000
281.980000 2874.320000
281.880000 2652.870000
281.780000 2613.740000
281.680000 2366.900000
281.580000 2440.260000
281.480000 2287.810000
281.380000 2148.790000
281.280000 2076.380000
281.180000 2009.980000
281.080000 1910.140000
280.980000 1892.430000
280.880000 1810.750000
280.780000 1702.500000
280.680000 1755.060000
280.580000 1804.300000
280.480000 1723.210000
280.380000 1632.700000
280.280000 1588.150000
280.180000 1668.460000
280.080000 1590.020000
279.980000 1569.040000
279.880000 1523.730000
279.780000 1537.670000
279.680000 1525.280000
279.580000 1541.590000
279.480000 1612.680000
279.380000 1444.940000
