298.080000 613.672000
297.980000 658.513000
297.880000 609.061000
297.780000 635.704000
297.680000 605.514000
297.580000 600.332000
297.480000 588.410000
297.380000 617.647000
297.280000 567.077000
297.180000 546.289000
297.080000 567.082000
296.980000 565.804000
296.880000 560.498000
296.780000 519.780000
296.680000 555.693000
296.580000 523.859000
296.480000 509.747000
296.380000 505.166000
296.280000 475.998000
296.180000 507.446000
296.080000 523.904000
295.980000 483.657000
295.880000 570.461000
295.780000 466.276000
295.680000 518.224000
295.580000 479.551000
295.480000 480.989000
295.380000 481.545000
295.280000 453.721000
295.180000 544.657000
295.080000 518.285000
294.980000 434.218000
294.880000 443.660000
294.780000 472.687000
294.680000 474.693000
294.580000 444.603000
294.480000 399.706000
294.380000 447.480000
294.280000 465.373000
294.180000 441.060000
294.080000 416.959000
293.980000 449.178000
293.880000 391.331000
293.780000 410.292000
293.680000 387.696000
293.580000 378.431000
293.480000 422.027000
293.380000 406.611000
293.280000 370.604000
293.180000 363.555000
293.080000 396.509000
292.980000 389.403000
292.880000 440.653000
292.780000 390.020000
292.680000 451.890000
292.580000 420.559000
292.480000 352.596000
292.380000 384.749000
292.280000 386.649000
292.180000 391.463000
292.080000 373.492000
291.980000 376.209000
291.880000 383.463000
291.780000 472.396000
291.680000 430.776000
291.580000 461.810000
291.480000 415.141000
291.380000 421.116000
291.280000 424.811000
291.180000 498.271000
291.080000 485.328000
290.980000 575.569000
290.880000 571.420000
290.780000 515.380000
290.680000 531.706000
290.580000 544.931000
290.480000 653.381000
290.380000 671.661000
290.280000 674.758000
290.180000 780.359000
290.080000 762.385000
289.980000 816.033000
289.880000 859.944000
289.780000 944.531000
289.680000 941.121000
289.580000 932.823000
289.480000 994.332000
289.380000 983.540000
289.280000 1051.020000
289.180000 1135.400000
289.080000 1177.480000
288.980000 1065.690000
288.880000 1184.550000
288.780000 1248.440000
288.680000 1187.290000
288.580000 1303.760000
288.480000 1288.520000
288.380000 1378.360000
288.280000 1478.520000
288.180000 1553.420000
288.080000 1663.480000
287.980000 1817.570000
287.880000 1847.270000
287.780000 1995.840000
287.680000 2240.610000
287.580000 2295.300000
287.480000 2506.450000
287.380000 2827.700000
287.280000 3055.690000
287.180000 3510.640000
287.080000 4258.400000
286.980000 5144.140000
286.880000 6284.730000
286.780000 7953.310000
286.680000 9905.690000
286.580000 11947.300000
286.480000 14219.100000
286.380000 16561.900000
286.280000 18319.900000
286.180000 19131.500000
286.080000 18707.200000
285.980000 17322.200000
285.880000 15462.900000
285.780000 12693.900000
285.680000 10329.200000
285.580000 8229.480000
285.480000 6686.040000
285.380000 5782.800000
285.280000 4733.840000
285.180000 4068.720000
285.080000 3651.980000
284.980000 3105.660000
284.880000 2547.910000
284.780000 2190.020000
284.680000 1802.410000
284.580000 1524.120000
284.480000 1314.020000
284.380000 1013.590000
284.280000 848.270000
284.180000 688.878000
284.080000 587.881000
283.980000 499.810000
283.880000 358.194000
283.780000 361.637000
283.680000 311.175000
283.580000 227.822000
283.480000 231.620000
283.380000 227.852000
283.280000 203.990000
283.180000 213.509000
283.080000 168.082000
282.980000 183.740000
282.880000 154.131000
282.780000 163.653000
282.680000 123.093000
282.580000 165.766000
282.480000 163.542000
282.380000 180.256000
282.280000 145.504000
282.180000 108.685000
282.080000 157.783000
281.980000 128.141000
281.880000 131.631000
281.780000 107.834000
281.680000 124.027000
281.580000 116.639000
281.480000 113.890000
281.380000 153.771000
281.280000 128.339000
281.180000 121.516000
281.080000 97.223900
280.980000 120.142000
280.880000 98.138000
280.780000 105.944000
280.680000 107.295000
280.580000 122.511000
280.480000 103.745000
280.380000 111.621000
280.280000 107.407000
280.180000 93.481300
280.080000 91.837700
279.980000 84.418500
279.880000 82.689600
279.780000 92.960600
279.680000 104.656000
279.580000 132.893000
279.480000 133.831000
279.380000 118.174000
