298.080000 972.777000
297.980000 922.369000
297.880000 948.347000
297.780000 931.751000
297.680000 882.844000
297.580000 914.191000
297.480000 899.580000
297.380000 843.861000
297.280000 850.813000
297.180000 824.108000
297.080000 855.126000
296.980000 931.609000
296.880000 892.912000
296.780000 817.762000
296.680000 812.693000
296.580000 727.532000
296.480000 845.560000
296.380000 863.886000
296.280000 831.018000
296.180000 769.672000
296.080000 755.244000
295.980000 751.052000
295.880000 778.410000
295.780000 706.228000
295.680000 729.038000
295.580000 716.077000
295.480000 809.128000
295.380000 777.361000
295.280000 805.444000
295.180000 690.079000
295.080000 680.029000
294.980000 683.155000
294.880000 753.825000
294.780000 705.504000
294.680000 666.147000
294.580000 702.871000
294.480000 700.150000
294.380000 629.568000
294.280000 705.819000
294.180000 646.452000
294.080000 679.523000
293.980000 690.559000
293.880000 637.238000
293.780000 598.961000
293.680000 635.375000
293.580000 662.275000
293.480000 578.284000
293.380000 607.470000
293.280000 567.967000
293.180000 598.380000
293.080000 595.996000
292.980000 560.530000
292.880000 636.028000
292.780000 564.664000
292.680000 646.677000
292.580000 605.231000
292.480000 616.337000
292.380000 589.674000
292.280000 618.188000
292.180000 628.773000
292.080000 621.652000
291.980000 602.065000
291.880000 652.825000
291.780000 569.908000
291.680000 669.765000
291.580000 632.635000
291.480000 696.417000
291.380000 632.120000
291.280000 601.908000
291.180000 742.891000
291.080000 669.162000
290.980000 720.620000
290.880000 761.740000
290.780000 715.395000
290.680000 745.266000
290.580000 817.094000
290.480000 934.899000
290.380000 850.003000
290.280000 915.888000
290.180000 1012.540000
290.080000 1158.270000
289.980000 1199.850000
289.880000 1288.690000
289.780000 1349.130000
289.680000 1420.270000
289.580000 1441.220000
289.480000 1461.840000
289.380000 1496.790000
289.280000 1533.910000
289.180000 1582.870000
289.080000 1548.650000
288.980000 1676.260000
288.880000 1772.040000
288.780000 1773.530000
288.680000 1794.510000
288.580000 1826.960000
288.480000 1974.990000
288.380000 2024.610000
288.280000 2108.660000
288.180000 2196.290000
288.080000 2334.090000
287.980000 2531.670000
287.880000 2678.610000
287.780000 2882.530000
287.680000 2941.840000
287.580000 3180.170000
287.480000 3476.640000
287.380000 3679.620000
287.280000 4129.010000
287.180000 4550.810000
287.080000 5558.110000
286.980000 6396.770000
286.880000 7705.870000
286.780000 9669.520000
286.680000 12197.200000
286.580000 15400.600000
286.480000 18831.900000
286.380000 22550.600000
286.280000 25954.900000
286.180000 28369.400000
286.080000 29407.100000
285.980000 28209.300000
285.880000 25954.900000
285.780000 22558.700000
285.680000 18569.800000
285.580000 15127.600000
285.480000 12314.300000
285.380000 10091.900000
285.280000 8373.580000
285.180000 7495.800000
285.080000 6082.150000
284.980000 5522.700000
284.880000 4894.990000
284.780000 3953.960000
284.680000 3387.250000
284.580000 2779.830000
284.480000 2361.370000
284.380000 2015.620000
284.280000 1473.730000
284.180000 1267.150000
284.080000 1066.170000
283.980000 825.140000
283.880000 711.183000
283.780000 657.643000
283.680000 550.197000
283.580000 403.321000
283.480000 433.925000
283.380000 417.358000
283.280000 359.970000
283.180000 326.090000
283.080000 309.878000
282.980000 302.146000
282.880000 306.714000
282.780000 267.056000
282.680000 264.031000
282.580000 232.374000
282.480000 235.744000
282.380000 238.558000
282.280000 236.072000
282.180000 202.651000
282.080000 252.614000
281.980000 197.299000
281.880000 189.708000
281.780000 181.446000
281.680000 157.937000
281.580000 190.334000
281.480000 182.458000
281.380000 196.013000
281.280000 185.620000
281.180000 175.607000
281.080000 187.350000
280.980000 172.264000
280.880000 179.542000
280.780000 165.380000
280.680000 195.268000
280.580000 183.426000
280.480000 135.260000
280.380000 152.008000
280.280000 129.156000
280.180000 124.769000
280.080000 161.334000
279.980000 150.827000
279.880000 164.151000
279.780000 164.337000
279.680000 160.524000
279.580000 168.038000
279.480000 139.334000
279.380000 142.566000
