298.080000 4661.140000
297.980000 4681.820000
297.880000 4674.140000
297.780000 4490.300000
297.680000 4647.240000
297.580000 4509.570000
297.480000 4381.490000
297.380000 4527.650000
297.280000 4297.410000
297.180000 4362.500000
297.080000 4387.250000
296.980000 4198.070000
296.880000 4138.820000
296.780000 4115.350000
296.680000 4209.860000
296.580000 3845.920000
296.480000 4065.410000
296.380000 3996.820000
296.280000 4021.390000
296.180000 4076.090000
296.080000 3986.880000
295.980000 3923.410000
295.880000 3809.590000
295.780000 3775.470000
295.680000 3682.230000
295.580000 3668.850000
295.480000 3711.800000
295.380000 3621.930000
295.280000 3534.360000
295.180000 3442.960000
295.080000 3576.220000
294.980000 3489.000000
294.880000 3417.510000
294.780000 3306.250000
294.680000 3290.100000
294.580000 3209.790000
294.480000 3218.330000
294.380000 3203.500000
294.280000 3360.880000
294.180000 3178.560000
294.080000 3096.100000
293.980000 3125.890000
293.880000 3121.260000
293.780000 3031.200000
293.680000 2932.720000
293.580000 3069.270000
293.480000 2884.970000
293.380000 2812.980000
293.280000 2895.430000
293.180000 2858.060000
293.080000 2790.870000
292.980000 3036.520000
292.880000 2943.280000
292.780000 2712.630000
292.680000 2845.750000
292.580000 2692.900000
292.480000 2779.440000
292.380000 2782.610000
292.280000 2743.700000
292.180000 2627.780000
292.080000 2775.100000
291.980000 2762.170000
291.880000 2707.770000
291.780000 2749.600000
291.680000 2819.270000
291.580000 2833.450000
291.480000 2747.760000
291.380000 2910.290000
291.280000 2961.800000
291.180000 2987.940000
291.080000 3095.910000
290.980000 3139.190000
290.880000 3070.720000
290.780000 3203.080000
290.680000 3267.610000
290.580000 3376.330000
290.480000 3479.730000
290.380000 3560.410000
290.280000 3964.960000
290.180000 3938.770000
290.080000 4281.580000
289.980000 4527.100000
289.880000 4761.450000
289.780000 5169.730000
289.680000 5356.340000
289.580000 5804.890000
289.480000 6255.130000
289.380000 6428.410000
289.280000 6646.670000
289.180000 7178.200000
289.080000 7270.730000
288.980000 7327.840000
288.880000 7612.720000
288.780000 7669.630000
288.680000 7704.950000
288.580000 7754.970000
288.480000 8030.320000
288.380000 8176.330000
288.280000 8313.810000
288.180000 8704.940000
288.080000 8976.200000
287.980000 9343.430000
287.880000 9851.560000
287.780000 10362.900000
287.680000 11052.500000
287.580000 11677.600000
287.480000 12405.700000
287.380000 12990.700000
287.280000 14267.400000
287.180000 15099.800000
287.080000 16449.800000
286.980000 18252.600000
286.880000 20308.700000
286.780000 23525.200000
286.680000 27882.400000
286.580000 33678.800000
286.480000 40711.800000
286.380000 50832.700000
286.280000 62393.300000
286.180000 76301.700000
286.080000 91032.100000
285.980000 105291.000000
285.880000 117824.000000
285.780000 124887.000000
285.680000 126966.000000
285.580000 123029.000000
285.480000 111405.000000
285.380000 97755.100000
285.280000 82823.400000
285.180000 68926.500000
285.080000 58033.400000
284.980000 49219.200000
284.880000 42473.300000
284.780000 37012.100000
284.680000 31703.700000
284.580000 27475.900000
284.480000 23737.400000
284.380000 19859.700000
284.280000 16714.400000
284.180000 13955.000000
284.080000 11407.500000
283.980000 9186.180000
283.880000 7694.480000
283.780000 6097.420000
283.680000 5195.700000
283.580000 4113.340000
283.480000 3466.550000
283.380000 3101.010000
283.280000 2613.230000
283.180000 2278.090000
283.080000 2003.670000
282.980000 1878.620000
282.880000 1785.650000
282.780000 1579.690000
282.680000 1447.470000
282.580000 1420.220000
282.480000 1318.220000
282.380000 1275.060000
282.280000 1165.640000
282.180000 1119.130000
282.080000 1095.560000
281.980000 1083.260000
281.880000 991.106000
281.780000 945.445000
281.680000 942.471000
281.580000 993.925000
281.480000 909.723000
281.380000 797.455000
281.280000 854.265000
281.180000 884.456000
281.080000 880.511000
280.980000 830.183000
280.880000 856.003000
280.780000 834.117000
280.680000 788.048000
280.580000 810.668000
280.480000 741.700000
280.380000 765.148000
280.280000 693.475000
280.180000 718.590000
280.080000 763.328000
279.980000 734.595000
279.880000 700.775000
279.780000 673.945000
279.680000 698.105000
279.580000 696.925000
279.480000 694.441000
279.380000 692.470000
