298.080000 9511.380000
297.980000 9086.110000
297.880000 8969.740000
297.780000 8838.580000
297.680000 8690.500000
297.580000 8530.340000
297.480000 8534.450000
297.380000 8504.070000
297.280000 8186.670000
297.180000 8260.750000
297.080000 8202.730000
296.980000 8026.640000
296.880000 8051.180000
296.780000 7992.770000
296.680000 7933.590000
296.580000 7852.660000
296.480000 7649.530000
296.380000 7654.810000
296.280000 7614.590000
296.180000 7421.180000
296.080000 7510.460000
295.980000 7558.280000
295.880000 7229.700000
295.780000 7195.580000
295.680000 7052.290000
295.580000 7038.330000
295.480000 7038.640000
295.380000 6811.170000
295.280000 7002.990000
295.180000 6806.140000
295.080000 6769.390000
294.980000 6661.650000
294.880000 6482.680000
294.780000 6492.410000
294.680000 6474.590000
294.580000 6386.700000
294.480000 6198.590000
294.380000 6289.700000
294.280000 6417.250000
294.180000 6041.400000
294.080000 6097.430000
293.980000 5869.840000
293.880000 5916.740000
293.780000 5946.620000
293.680000 5853.990000
293.580000 5774.850000
293.480000 5669.760000
293.380000 5751.080000
293.280000 5720.200000
293.180000 5563.510000
293.080000 5423.970000
292.980000 5556.120000
292.880000 5421.040000
292.780000 5275.860000
292.680000 5495.550000
292.580000 5385.750000
292.480000 5446.990000
292.380000 5444.000000
292.280000 5318.260000
292.180000 5232.300000
292.080000 5294.120000
291.980000 5253.810000
291.880000 5484.850000
291.780000 5450.430000
291.680000 5341.410000
291.580000 5368.000000
291.480000 5438.990000
291.380000 5458.620000
291.280000 5592.350000
291.180000 5637.650000
291.080000 5702.950000
290.980000 5580.820000
290.880000 5580.670000
290.780000 5839.770000
290.680000 6099.410000
290.580000 6116.900000
290.480000 6197.660000
290.380000 6247.940000
290.280000 6447.300000
290.180000 6653.270000
290.080000 7049.640000
289.980000 7347.200000
289.880000 7803.680000
289.780000 8315.260000
289.680000 8728.400000
289.580000 9201.950000
289.480000 10054.400000
289.380000 10708.200000
289.280000 11502.400000
289.180000 12070.700000
289.080000 12848.000000
288.980000 13706.000000
288.880000 14080.700000
288.780000 14520.600000
288.680000 15026.600000
288.580000 15066.200000
288.480000 15272.400000
288.380000 15626.700000
288.280000 15779.600000
288.180000 16236.500000
288.080000 16056.100000
287.980000 17018.400000
287.880000 17283.400000
287.780000 17785.700000
287.680000 19002.800000
287.580000 19559.100000
287.480000 20790.400000
287.380000 21578.000000
287.280000 23053.700000
287.180000 24260.500000
287.080000 25882.500000
286.980000 27539.900000
286.880000 29712.300000
286.780000 32262.700000
286.680000 35843.600000
286.580000 40374.200000
286.480000 46684.400000
286.380000 55086.400000
286.280000 65929.400000
286.180000 80482.300000
286.080000 98593.300000
285.980000 119289.000000
285.880000 143699.000000
285.780000 168257.000000
285.680000 190641.000000
285.580000 207284.000000
285.480000 219360.000000
285.380000 219522.000000
285.280000 208983.000000
285.180000 189587.000000
285.080000 167689.000000
284.980000 145359.000000
284.880000 124171.000000
284.780000 106536.000000
284.680000 93427.700000
284.580000 81733.900000
284.480000 72198.700000
284.380000 63210.100000
284.280000 55445.700000
284.180000 47677.300000
284.080000 40072.300000
283.980000 32679.500000
283.880000 27373.700000
283.780000 21546.000000
283.680000 17613.800000
283.580000 14245.200000
283.480000 11774.100000
283.380000 9396.200000
283.280000 7862.640000
283.180000 6419.180000
283.080000 5573.640000
282.980000 4829.540000
282.880000 4175.870000
282.780000 3550.080000
282.680000 3365.420000
282.580000 3045.190000
282.480000 2658.090000
282.380000 2539.530000
282.280000 2410.770000
282.180000 2222.300000
282.080000 2237.990000
281.980000 2035.450000
281.880000 2117.260000
281.780000 1901.710000
281.680000 1919.480000
281.580000 1743.560000
281.480000 1681.830000
281.380000 1593.330000
281.280000 1649.760000
281.180000 1600.490000
281.080000 1568.450000
280.980000 1403.530000
280.880000 1574.940000
280.780000 1568.810000
280.680000 1431.920000
280.580000 1306.910000
280.480000 1348.500000
280.380000 1395.230000
280.280000 1396.800000
280.180000 1324.970000
280.080000 1342.350000
279.980000 1346.340000
279.880000 1285.290000
279.780000 1275.750000
279.680000 1320.710000
279.580000 1207.510000
279.480000 1166.340000
279.380000 1265.180000
