298.080000 11612.700000
297.980000 11526.700000
297.880000 11443.300000
297.780000 11284.400000
297.680000 11104.900000
297.580000 11233.700000
297.480000 10887.900000
297.380000 11122.300000
297.280000 10924.900000
297.180000 10716.200000
297.080000 10525.900000
296.980000 10542.300000
296.880000 10431.300000
296.780000 10438.500000
296.680000 10434.400000
296.580000 10380.400000
296.480000 10221.600000
296.380000 10081.200000
296.280000 9832.030000
296.180000 9519.200000
296.080000 9838.100000
295.980000 9756.340000
295.880000 9717.190000
295.780000 9633.070000
295.680000 9497.710000
295.580000 9531.390000
295.480000 9113.280000
295.380000 9153.080000
295.280000 8968.160000
295.180000 8808.860000
295.080000 8714.520000
294.980000 8367.420000
294.880000 8602.100000
294.780000 8575.850000
294.680000 8600.020000
294.580000 8314.250000
294.480000 8057.100000
294.380000 8295.490000
294.280000 8090.020000
294.180000 7920.730000
294.080000 7850.870000
293.980000 7685.220000
293.880000 7598.810000
293.780000 7369.080000
293.680000 7157.580000
293.580000 6976.110000
293.480000 6985.510000
293.380000 7005.120000
293.280000 6849.680000
293.180000 6680.370000
293.080000 6215.450000
292.980000 6104.990000
292.880000 6074.840000
292.780000 6046.630000
292.680000 5944.440000
292.580000 5931.290000
292.480000 5719.620000
292.380000 5752.670000
292.280000 5747.770000
292.180000 5673.730000
292.080000 5500.730000
291.980000 5467.580000
291.880000 5595.900000
291.780000 5672.930000
291.680000 5540.040000
291.580000 5307.990000
291.480000 5347.310000
291.380000 5350.340000
291.280000 5374.690000
291.180000 5533.620000
291.080000 5577.340000
290.980000 5682.250000
290.880000 5631.650000
290.780000 5819.240000
290.680000 5841.970000
290.580000 6161.380000
290.480000 6492.710000
290.380000 6364.200000
290.280000 6964.700000
290.180000 7047.580000
290.080000 7409.120000
289.980000 7968.630000
289.880000 7944.290000
289.780000 8914.140000
289.680000 9368.290000
289.580000 10184.200000
289.480000 11075.900000
289.380000 12175.600000
289.280000 13723.400000
289.180000 15258.700000
289.080000 17560.400000
288.980000 20036.200000
288.880000 21906.500000
288.780000 23829.000000
288.680000 26286.400000
288.580000 27260.800000
288.480000 28296.700000
288.380000 28796.400000
288.280000 28938.100000
288.180000 28977.100000
288.080000 29172.000000
287.980000 29354.700000
287.880000 30352.700000
287.780000 31574.000000
287.680000 33442.000000
287.580000 35160.100000
287.480000 37257.400000
287.380000 39639.000000
287.280000 43402.600000
287.180000 46833.600000
287.080000 52064.700000
286.980000 60390.000000
286.880000 73671.000000
286.780000 97453.500000
286.680000 135658.000000
286.580000 197219.000000
286.480000 288232.000000
286.380000 412332.000000
286.280000 563695.000000
286.180000 717009.000000
286.080000 838552.000000
285.980000 882484.000000
285.880000 834083.000000
285.780000 707959.000000
285.680000 542520.000000
285.580000 385444.000000
285.480000 260232.000000
285.380000 174311.000000
285.280000 118968.000000
285.180000 84948.300000
285.080000 63282.200000
284.980000 49406.600000
284.880000 39330.600000
284.780000 32727.300000
284.680000 27646.400000
284.580000 23864.400000
284.480000 20578.600000
284.380000 18052.500000
284.280000 15430.300000
284.180000 13433.600000
284.080000 12070.200000
283.980000 10660.700000
283.880000 9465.710000
283.780000 8430.790000
283.680000 7681.760000
283.580000 6770.930000
283.480000 6362.120000
283.380000 5903.880000
283.280000 5427.850000
283.180000 5015.730000
283.080000 4584.270000
282.980000 4226.720000
282.880000 4254.420000
282.780000 4049.830000
282.680000 3792.120000
282.580000 3735.320000
282.480000 3444.940000
282.380000 3450.510000
282.280000 3251.960000
282.180000 3154.700000
282.080000 2952.510000
281.980000 3020.630000
281.880000 2832.700000
281.780000 2753.800000
281.680000 2799.180000
281.580000 2633.820000
281.480000 2585.170000
281.380000 2459.260000
281.280000 2474.620000
281.180000 2432.300000
281.080000 2367.110000
280.980000 2365.920000
280.880000 2261.650000
280.780000 2113.880000
280.680000 2209.320000
280.580000 2089.430000
280.480000 2016.230000
280.380000 2028.990000
280.280000 2196.510000
280.180000 2043.650000
280.080000 2002.260000
279.980000 1978.600000
279.880000 2021.370000
279.780000 1961.540000
279.680000 1869.860000
279.580000 1852.200000
279.480000 1881.260000
279.380000 1908.860000
279.280000 1862.870000
