298.080000 10591.200000
297.980000 10663.300000
297.880000 10269.600000
297.780000 10195.000000
297.680000 10146.200000
297.580000 10082.800000
297.480000 9795.200000
297.380000 9708.220000
297.280000 9859.340000
297.180000 9739.840000
297.080000 9504.360000
296.980000 9668.840000
296.880000 9373.740000
296.780000 9386.810000
296.680000 9291.270000
296.580000 9315.290000
296.480000 9348.320000
296.380000 8908.100000
296.280000 8895.050000
296.180000 8783.010000
296.080000 8764.780000
295.980000 8624.520000
295.880000 8812.310000
295.780000 8644.350000
295.680000 8677.020000
295.580000 8340.600000
295.480000 8194.870000
295.380000 8273.160000
295.280000 8079.150000
295.180000 7981.960000
295.080000 8211.910000
294.980000 7956.330000
294.880000 7713.060000
294.780000 7876.990000
294.680000 7577.630000
294.580000 7504.550000
294.480000 7476.830000
294.380000 7272.950000
294.280000 7209.850000
294.180000 7024.190000
294.080000 6875.790000
293.980000 6888.990000
293.880000 6766.540000
293.780000 6623.480000
293.680000 6337.320000
293.580000 6302.240000
293.480000 6173.400000
293.380000 6138.640000
293.280000 5868.130000
293.180000 5773.800000
293.080000 5633.090000
292.980000 5612.950000
292.880000 5532.840000
292.780000 5390.040000
292.680000 5328.930000
292.580000 5390.810000
292.480000 5234.410000
292.380000 5076.410000
292.280000 5090.900000
292.180000 5183.010000
292.080000 5086.410000
291.980000 4972.770000
291.880000 5012.940000
291.780000 4934.540000
291.680000 4878.420000
291.580000 5168.250000
291.480000 5018.130000
291.380000 4972.440000
291.280000 5186.350000
291.180000 5516.330000
291.080000 5433.250000
290.980000 5536.720000
290.880000 5800.630000
290.780000 5992.480000
290.680000 6161.290000
290.580000 6156.760000
290.480000 6591.240000
290.380000 6863.370000
290.280000 7005.210000
290.180000 7569.640000
290.080000 8095.890000
289.980000 8651.610000
289.880000 9316.660000
289.780000 10107.300000
289.680000 11284.400000
289.580000 12777.800000
289.480000 14130.500000
289.380000 16072.600000
289.280000 18259.900000
289.180000 20390.100000
289.080000 21851.300000
288.980000 23637.800000
288.880000 24878.500000
288.780000 25466.200000
288.680000 26367.400000
288.580000 26434.400000
288.480000 26639.400000
288.380000 27121.200000
288.280000 27591.100000
288.180000 28543.400000
288.080000 29727.600000
287.980000 30884.300000
287.880000 32524.200000
287.780000 34841.500000
287.680000 37105.800000
287.580000 40422.900000
287.480000 43366.400000
287.380000 48436.000000
287.280000 56102.000000
287.180000 68400.100000
287.080000 89299.200000
286.980000 124778.000000
286.880000 180564.000000
286.780000 263705.000000
286.680000 377392.000000
286.580000 514194.000000
286.480000 656575.000000
286.380000 767973.000000
286.280000 812736.000000
286.180000 770292.000000
286.080000 659414.000000
285.980000 506926.000000
285.880000 362090.000000
285.780000 246255.000000
285.680000 165842.000000
285.580000 113880.000000
285.480000 80494.000000
285.380000 60015.900000
285.280000 46149.300000
285.180000 36996.600000
285.080000 30014.900000
284.980000 25678.200000
284.880000 22163.700000
284.780000 18855.400000
284.680000 16334.900000
284.580000 14185.000000
284.480000 12562.300000
284.380000 11226.700000
284.280000 9727.500000
284.180000 9046.430000
284.080000 7829.850000
283.980000 6964.060000
283.880000 6391.490000
283.780000 5792.260000
283.680000 5327.480000
283.580000 4968.700000
283.480000 4552.060000
283.380000 4352.590000
283.280000 4413.820000
283.180000 4090.820000
283.080000 3721.280000
282.980000 3554.230000
282.880000 3510.400000
282.780000 3201.050000
282.680000 3163.960000
282.580000 2916.630000
282.480000 2818.270000
282.380000 2843.320000
282.280000 2656.440000
282.180000 2554.720000
282.080000 2565.970000
281.980000 2421.870000
281.880000 2439.610000
281.780000 2350.770000
281.680000 2302.960000
281.580000 2165.650000
281.480000 2125.860000
281.380000 2193.990000
281.280000 2132.680000
281.180000 2125.650000
281.080000 2122.560000
280.980000 2023.370000
280.880000 1977.450000
280.780000 1959.590000
280.680000 1969.610000
280.580000 1838.020000
280.480000 1954.930000
280.380000 1852.350000
280.280000 1764.940000
280.180000 1760.530000
280.080000 1729.460000
279.980000 1784.460000
279.880000 1844.820000
279.780000 1792.680000
279.680000 1673.810000
279.580000 1708.150000
279.480000 1597.060000
279.380000 1760.570000
279.280000 1750.640000
