298.080000 11016.900000
297.980000 10987.600000
297.880000 10895.300000
297.780000 10623.200000
297.680000 10838.200000
297.580000 10601.900000
297.480000 10375.400000
297.380000 10318.700000
297.280000 10171.900000
297.180000 10292.200000
297.080000 9903.060000
296.980000 10108.100000
296.880000 9898.550000
296.780000 10230.100000
296.680000 9731.600000
296.580000 9593.120000
296.480000 9525.090000
296.380000 9607.960000
296.280000 9631.490000
296.180000 9490.700000
296.080000 9333.080000
295.980000 9135.110000
295.880000 9213.910000
295.780000 9002.610000
295.680000 9092.200000
295.580000 8804.800000
295.480000 8810.860000
295.380000 8787.830000
295.280000 8676.540000
295.180000 8533.170000
295.080000 8651.710000
294.980000 8463.940000
294.880000 8286.860000
294.780000 8123.150000
294.680000 7988.300000
294.580000 8014.080000
294.480000 7852.880000
294.380000 7919.870000
294.280000 7720.840000
294.180000 7476.890000
294.080000 7536.640000
293.980000 7285.720000
293.880000 7051.870000
293.780000 6943.350000
293.680000 6824.960000
293.580000 6978.200000
293.480000 6752.900000
293.380000 6624.480000
293.280000 6285.120000
293.180000 6316.800000
293.080000 6230.980000
292.980000 6170.870000
292.880000 5983.370000
292.780000 5933.610000
292.680000 5876.440000
292.580000 5684.540000
292.480000 5545.380000
292.380000 5532.020000
292.280000 5464.760000
292.180000 5440.490000
292.080000 5170.820000
291.980000 5165.170000
291.880000 5376.460000
291.780000 5198.900000
291.680000 5038.980000
291.580000 5426.590000
291.480000 5160.460000
291.380000 5217.370000
291.280000 5267.530000
291.180000 5242.070000
291.080000 5173.910000
290.980000 5261.770000
290.880000 5526.820000
290.780000 5537.560000
290.680000 5619.820000
290.580000 5995.030000
290.480000 6084.650000
290.380000 6525.920000
290.280000 6530.390000
290.180000 6884.460000
290.080000 6961.610000
289.980000 7457.210000
289.880000 7522.280000
289.780000 8079.140000
289.680000 8713.400000
289.580000 9211.880000
289.480000 10253.200000
289.380000 11475.600000
289.280000 12810.500000
289.180000 14310.200000
289.080000 16323.500000
288.980000 18109.500000
288.880000 20332.600000
288.780000 22373.800000
288.680000 24234.900000
288.580000 25405.600000
288.480000 26132.300000
288.380000 27025.200000
288.280000 27226.600000
288.180000 27259.500000
288.080000 27731.000000
287.980000 27649.700000
287.880000 28820.800000
287.780000 29578.100000
287.680000 30955.400000
287.580000 32807.600000
287.480000 34816.500000
287.380000 37637.900000
287.280000 39925.000000
287.180000 43598.500000
287.080000 48411.700000
286.980000 54951.500000
286.880000 66786.000000
286.780000 87106.500000
286.680000 120278.000000
286.580000 171046.000000
286.480000 250020.000000
286.380000 358209.000000
286.280000 495347.000000
286.180000 641155.000000
286.080000 763475.000000
285.980000 826365.000000
285.880000 804389.000000
285.780000 702616.000000
285.680000 554904.000000
285.580000 400534.000000
285.480000 273652.000000
285.380000 183571.000000
285.280000 125084.000000
285.180000 87998.400000
285.080000 64284.100000
284.980000 49128.600000
284.880000 39658.400000
284.780000 32234.300000
284.680000 27260.200000
284.580000 23424.500000
284.480000 20090.500000
284.380000 17549.100000
284.280000 15275.400000
284.180000 13364.800000
284.080000 11534.100000
283.980000 10230.300000
283.880000 9024.100000
283.780000 7824.960000
283.680000 7034.720000
283.580000 6511.300000
283.480000 5951.140000
283.380000 5433.860000
283.280000 5098.450000
283.180000 4862.410000
283.080000 4557.890000
282.980000 4147.010000
282.880000 4046.380000
282.780000 3644.960000
282.680000 3499.000000
282.580000 3293.710000
282.480000 3267.640000
282.380000 3106.080000
282.280000 2952.090000
282.180000 2956.560000
282.080000 2814.630000
281.980000 2816.710000
281.880000 2668.260000
281.780000 2600.020000
281.680000 2539.810000
281.580000 2589.120000
281.480000 2322.740000
281.380000 2330.060000
281.280000 2255.290000
281.180000 2134.290000
281.080000 2118.440000
280.980000 2064.870000
280.880000 2207.350000
280.780000 2115.800000
280.680000 2025.020000
280.580000 2031.840000
280.480000 1925.920000
280.380000 1965.340000
280.280000 1816.780000
280.180000 1871.990000
280.080000 1796.210000
279.980000 1796.970000
279.880000 1880.140000
279.780000 1798.190000
279.680000 1755.420000
279.580000 1831.770000
279.480000 1814.150000
279.380000 1795.360000
279.280000 1845.840000
