298.080000 12016.300000
297.980000 11830.900000
297.880000 11701.700000
297.780000 11546.900000
297.680000 11232.000000
297.580000 11350.900000
297.480000 11199.800000
297.380000 11424.300000
297.280000 11133.200000
297.180000 10935.000000
297.080000 10912.800000
296.980000 10846.700000
296.880000 10757.900000
296.780000 10648.900000
296.680000 10763.700000
296.580000 10686.800000
296.480000 10533.100000
296.380000 10496.700000
296.280000 10339.500000
296.180000 10200.300000
296.080000 10107.400000
295.980000 10051.000000
295.880000 9806.360000
295.780000 9688.150000
295.680000 9824.700000
295.580000 9706.580000
295.480000 9610.420000
295.380000 9662.170000
295.280000 9584.440000
295.180000 9268.330000
295.080000 9263.530000
294.980000 9364.610000
294.880000 9341.740000
294.780000 9009.550000
294.680000 9310.160000
294.580000 9025.300000
294.480000 9019.030000
294.380000 8932.560000
294.280000 8730.030000
294.180000 8790.150000
294.080000 8994.870000
293.980000 8668.880000
293.880000 8610.160000
293.780000 8488.880000
293.680000 8451.740000
293.580000 8268.640000
293.480000 8027.940000
293.380000 8108.790000
293.280000 8187.850000
293.180000 8216.330000
293.080000 7941.760000
292.980000 7894.130000
292.880000 7738.590000
292.780000 7809.920000
292.680000 7679.060000
292.580000 7398.010000
292.480000 7571.010000
292.380000 7450.930000
292.280000 7451.840000
292.180000 7220.440000
292.080000 7236.360000
291.980000 7222.800000
291.880000 7010.870000
291.780000 7193.490000
291.680000 6902.340000
291.580000 7261.470000
291.480000 6968.900000
291.380000 6993.990000
291.280000 7037.660000
291.180000 6677.640000
291.080000 6964.970000
290.980000 7062.120000
290.880000 7284.160000
290.780000 7098.690000
290.680000 7350.230000
290.580000 7196.660000
290.480000 7406.880000
290.380000 7558.270000
290.280000 7383.730000
290.180000 7635.620000
290.080000 7820.840000
289.980000 8190.690000
289.880000 8387.370000
289.780000 8782.670000
289.680000 9119.350000
289.580000 9486.890000
289.480000 9781.980000
289.380000 10307.200000
289.280000 11020.400000
289.180000 11529.800000
289.080000 12049.700000
288.980000 12631.100000
288.880000 13237.100000
288.780000 13821.400000
288.680000 14371.300000
288.580000 15163.200000
288.480000 15848.400000
288.380000 16684.000000
288.280000 17528.700000
288.180000 18105.400000
288.080000 18802.000000
287.980000 19395.100000
287.880000 20082.400000
287.780000 21598.600000
287.680000 22343.600000
287.580000 23970.500000
287.480000 25176.900000
287.380000 26866.900000
287.280000 28522.000000
287.180000 30228.400000
287.080000 32111.000000
286.980000 34175.200000
286.880000 35777.200000
286.780000 38370.300000
286.680000 41134.700000
286.580000 44263.600000
286.480000 48828.600000
286.380000 56803.300000
286.280000 69215.400000
286.180000 88774.100000
286.080000 118138.000000
285.980000 162472.000000
285.880000 223189.000000
285.780000 303564.000000
285.680000 398279.000000
285.580000 494200.000000
285.480000 570605.000000
285.380000 606303.000000
285.280000 589438.000000
285.180000 523945.000000
285.080000 427407.000000
284.980000 328746.000000
284.880000 242890.000000
284.780000 176231.000000
284.680000 131526.000000
284.580000 100055.000000
284.480000 79824.900000
284.380000 65235.200000
284.280000 54759.100000
284.180000 45864.400000
284.080000 38811.000000
283.980000 33850.800000
283.880000 28955.000000
283.780000 24655.800000
283.680000 20990.400000
283.580000 17809.300000
283.480000 14746.800000
283.380000 12602.800000
283.280000 11039.800000
283.180000 9159.300000
283.080000 7963.160000
282.980000 7160.770000
282.880000 6214.350000
282.780000 5548.730000
282.680000 5091.050000
282.580000 4575.780000
282.480000 4274.490000
282.380000 4007.620000
282.280000 3622.550000
282.180000 3444.400000
282.080000 3350.510000
281.980000 3066.960000
281.880000 3108.630000
281.780000 2993.130000
281.680000 2774.270000
281.580000 2686.170000
281.480000 2605.240000
281.380000 2382.560000
281.280000 2430.030000
281.180000 2403.040000
281.080000 2458.790000
280.980000 2218.570000
280.880000 2159.270000
280.780000 2169.040000
280.680000 2045.590000
280.580000 1905.330000
280.480000 2058.840000
280.380000 1889.050000
280.280000 1879.230000
280.180000 1848.580000
280.080000 1787.190000
279.980000 1856.360000
279.880000 1836.280000
279.780000 1766.840000
279.680000 1800.100000
279.580000 1792.750000
279.480000 1752.540000
279.380000 1608.010000
