298.080000 12200.800000
297.980000 11892.100000
297.880000 11960.200000
297.780000 11932.000000
297.680000 11840.200000
297.580000 11525.400000
297.480000 11490.300000
297.380000 11256.400000
297.280000 11351.100000
297.180000 11148.700000
297.080000 11124.800000
296.980000 11052.600000
296.880000 11154.900000
296.780000 10824.500000
296.680000 10887.600000
296.580000 10754.600000
296.480000 10536.000000
296.380000 10738.800000
296.280000 10446.800000
296.180000 10732.000000
296.080000 10617.600000
295.980000 10375.800000
295.880000 10220.300000
295.780000 10316.400000
295.680000 10143.000000
295.580000 9864.020000
295.480000 9869.470000
295.380000 9973.840000
295.280000 9689.490000
295.180000 9834.760000
295.080000 9813.860000
294.980000 9570.740000
294.880000 9673.660000
294.780000 9708.710000
294.680000 9390.230000
294.580000 9553.960000
294.480000 9337.210000
294.380000 9054.290000
294.280000 8994.790000
294.180000 8865.810000
294.080000 8632.520000
293.980000 8809.500000
293.880000 8609.660000
293.780000 8732.320000
293.680000 8653.000000
293.580000 8355.230000
293.480000 8501.450000
293.380000 8465.020000
293.280000 8246.160000
293.180000 8184.430000
293.080000 8127.120000
292.980000 7961.350000
292.880000 8014.430000
292.780000 7807.690000
292.680000 7680.820000
292.580000 7545.040000
292.480000 7638.960000
292.380000 7487.950000
292.280000 7606.190000
292.180000 7427.850000
292.080000 7398.870000
291.980000 7313.070000
291.880000 7238.170000
291.780000 7375.310000
291.680000 7024.760000
291.580000 7265.050000
291.480000 7160.460000
291.380000 7109.970000
291.280000 6986.030000
291.180000 6965.410000
291.080000 7192.020000
290.980000 7287.530000
290.880000 7352.400000
290.780000 7305.360000
290.680000 7345.190000
290.580000 7328.010000
290.480000 7414.790000
290.380000 7834.830000
290.280000 7808.180000
290.180000 7953.680000
290.080000 8118.130000
289.980000 8495.130000
289.880000 8842.690000
289.780000 8917.820000
289.680000 9580.590000
289.580000 9879.350000
289.480000 10387.200000
289.380000 11106.300000
289.280000 11292.700000
289.180000 11896.200000
289.080000 12298.400000
288.980000 13463.600000
288.880000 13660.900000
288.780000 14595.700000
288.680000 15357.500000
288.580000 16039.500000
288.480000 16495.700000
288.380000 17320.400000
288.280000 17964.700000
288.180000 18776.100000
288.080000 19610.400000
287.980000 20039.800000
287.880000 21595.800000
287.780000 22524.800000
287.680000 23831.700000
287.580000 24889.500000
287.480000 26871.100000
287.380000 28098.400000
287.280000 29921.800000
287.180000 31739.500000
287.080000 34032.700000
286.980000 35729.100000
286.880000 37993.100000
286.780000 40590.200000
286.680000 43304.800000
286.580000 47432.900000
286.480000 54108.200000
286.380000 63838.500000
286.280000 80790.300000
286.180000 106032.000000
286.080000 142808.000000
285.980000 196977.000000
285.880000 272562.000000
285.780000 364728.000000
285.680000 465824.000000
285.580000 556617.000000
285.480000 615804.000000
285.380000 626529.000000
285.280000 579209.000000
285.180000 490483.000000
285.080000 384777.000000
284.980000 287011.000000
284.880000 208730.000000
284.780000 153937.000000
284.680000 115294.000000
284.580000 90145.500000
284.480000 72476.000000
284.380000 59894.600000
284.280000 50440.600000
284.180000 42868.700000
284.080000 36828.300000
283.980000 31214.800000
283.880000 26682.100000
283.780000 22687.300000
283.680000 19234.000000
283.580000 16401.400000
283.480000 13627.900000
283.380000 11738.100000
283.280000 10090.800000
283.180000 8486.170000
283.080000 7474.890000
282.980000 6761.320000
282.880000 5858.640000
282.780000 5466.650000
282.680000 4761.220000
282.580000 4470.950000
282.480000 4042.120000
282.380000 4057.390000
282.280000 3606.550000
282.180000 3416.430000
282.080000 3290.330000
281.980000 3131.070000
281.880000 2951.870000
281.780000 2973.920000
281.680000 2866.460000
281.580000 2818.710000
281.480000 2549.850000
281.380000 2464.740000
281.280000 2372.660000
281.180000 2407.640000
281.080000 2417.270000
280.980000 2247.510000
280.880000 2231.920000
280.780000 2061.130000
280.680000 2064.480000
280.580000 2044.820000
280.480000 2024.740000
280.380000 2049.340000
280.280000 1972.870000
280.180000 1888.730000
280.080000 1928.750000
279.980000 1851.300000
279.880000 1723.600000
279.780000 1778.080000
279.680000 1792.600000
279.580000 1757.510000
279.480000 1717.230000
279.380000 1722.140000
