298.080000 5322.910000
297.980000 5229.530000
297.880000 5408.210000
297.780000 5483.670000
297.680000 5244.760000
297.580000 5095.080000
297.480000 5233.260000
297.380000 4965.170000
297.280000 5087.060000
297.180000 5074.320000
297.080000 4820.610000
296.980000 4764.780000
296.880000 4855.050000
296.780000 4795.040000
296.680000 4698.520000
296.580000 4633.850000
296.480000 4594.430000
296.380000 4589.490000
296.280000 4563.510000
296.180000 4427.570000
296.080000 4386.940000
295.980000 4473.660000
295.880000 4499.550000
295.780000 4411.620000
295.680000 4227.970000
295.580000 4363.960000
295.480000 4328.240000
295.380000 4166.960000
295.280000 4295.630000
295.180000 4306.140000
295.080000 4092.990000
294.980000 4180.320000
294.880000 4023.470000
294.780000 3969.660000
294.680000 3875.170000
294.580000 3986.850000
294.480000 3809.280000
294.380000 3930.420000
294.280000 3925.820000
294.180000 3831.750000
294.080000 3871.600000
293.980000 3809.280000
293.880000 3899.630000
293.780000 3639.000000
293.680000 3793.390000
293.580000 3555.030000
293.480000 3771.930000
293.380000 3697.140000
293.280000 3599.660000
293.180000 3529.210000
293.080000 3538.840000
292.980000 3439.540000
292.880000 3367.970000
292.780000 3441.150000
292.680000 3449.220000
292.580000 3410.480000
292.480000 3416.490000
292.380000 3354.750000
292.280000 3202.940000
292.180000 3275.490000
292.080000 3322.860000
291.980000 3307.120000
291.880000 3233.090000
291.780000 3222.340000
291.680000 3162.510000
291.580000 3075.320000
291.480000 3074.760000
291.380000 3112.400000
291.280000 3131.530000
291.180000 3104.110000
291.080000 3104.120000
290.980000 3103.710000
290.880000 3172.550000
290.780000 3049.530000
290.680000 3143.230000
290.580000 3315.060000
290.480000 3220.880000
290.380000 3204.350000
290.280000 3359.720000
290.180000 3369.710000
290.080000 3412.790000
289.980000 3303.730000
289.880000 3442.570000
289.780000 3585.970000
289.680000 3736.840000
289.580000 3866.430000
289.480000 3798.560000
289.380000 4070.410000
289.280000 4160.140000
289.180000 4675.670000
289.080000 4751.810000
288.980000 5011.950000
288.880000 5311.530000
288.780000 5658.980000
288.680000 5886.510000
288.580000 6010.090000
288.480000 6387.620000
288.380000 6633.900000
288.280000 7296.760000
288.180000 7294.920000
288.080000 7549.480000
287.980000 8002.850000
287.880000 8233.920000
287.780000 8610.940000
287.680000 8898.420000
287.580000 9227.160000
287.480000 9681.260000
287.380000 9993.590000
287.280000 10515.400000
287.180000 11230.400000
287.080000 11783.100000
286.980000 12186.600000
286.880000 12968.600000
286.780000 13735.600000
286.680000 14642.100000
286.580000 15539.100000
286.480000 16541.700000
286.380000 17564.000000
286.280000 18443.000000
286.180000 20347.500000
286.080000 22663.900000
285.980000 25866.800000
285.880000 31252.700000
285.780000 39005.500000
285.680000 50604.500000
285.580000 67242.600000
285.480000 90137.500000
285.380000 117584.000000
285.280000 148141.000000
285.180000 179546.000000
285.080000 204467.000000
284.980000 218571.000000
284.880000 218607.000000
284.780000 203669.000000
284.680000 175755.000000
284.580000 141858.000000
284.480000 109629.000000
284.380000 83787.200000
284.280000 63318.000000
284.180000 49827.100000
284.080000 39629.300000
283.980000 32660.900000
283.880000 27166.500000
283.780000 23281.500000
283.680000 19934.100000
283.580000 17190.600000
283.480000 14966.100000
283.380000 12729.400000
283.280000 10750.200000
283.180000 9244.290000
283.080000 7942.210000
282.980000 6962.330000
282.880000 5830.860000
282.780000 4964.970000
282.680000 4572.020000
282.580000 3733.770000
282.480000 3381.190000
282.380000 2991.850000
282.280000 2700.420000
282.180000 2457.260000
282.080000 2259.330000
281.980000 2092.480000
281.880000 1843.910000
281.780000 1764.010000
281.680000 1708.140000
281.580000 1671.810000
281.480000 1457.940000
281.380000 1460.650000
281.280000 1412.160000
281.180000 1387.600000
281.080000 1266.230000
280.980000 1261.550000
280.880000 1164.940000
280.780000 1143.100000
280.680000 1037.880000
280.580000 1033.100000
280.480000 1034.530000
280.380000 939.936000
280.280000 881.964000
280.180000 841.816000
280.080000 859.823000
279.980000 935.800000
279.880000 825.970000
279.780000 819.759000
279.680000 879.919000
279.580000 819.057000
279.480000 821.557000
279.380000 770.538000
