298.080000 8436.590000
297.980000 8384.270000
297.880000 8078.860000
297.780000 7604.300000
297.680000 7928.120000
297.580000 7694.140000
297.480000 7681.750000
297.380000 7620.090000
297.280000 7620.210000
297.180000 7285.190000
297.080000 7433.670000
296.980000 7336.420000
296.880000 7152.040000
296.780000 7260.910000
296.680000 7322.490000
296.580000 7156.050000
296.480000 7216.030000
296.380000 7082.540000
296.280000 7121.360000
296.180000 6892.940000
296.080000 6905.810000
295.980000 7090.780000
295.880000 7001.760000
295.780000 6745.960000
295.680000 6740.970000
295.580000 6858.560000
295.480000 6650.010000
295.380000 6633.140000
295.280000 6666.800000
295.180000 6669.250000
295.080000 6446.600000
294.980000 6352.630000
294.880000 6304.880000
294.780000 6365.540000
294.680000 6355.960000
294.580000 6356.660000
294.480000 6207.780000
294.380000 6072.560000
294.280000 6159.150000
294.180000 5996.470000
294.080000 6066.100000
293.980000 5883.330000
293.880000 5745.710000
293.780000 5891.800000
293.680000 6020.090000
293.580000 5951.790000
293.480000 5817.550000
293.380000 5813.590000
293.280000 5421.560000
293.180000 5410.870000
293.080000 5603.180000
292.980000 5588.650000
292.880000 5513.660000
292.780000 5637.440000
292.680000 5463.210000
292.580000 5334.210000
292.480000 5329.030000
292.380000 5118.950000
292.280000 4955.430000
292.180000 5194.030000
292.080000 5173.110000
291.980000 5100.980000
291.880000 5057.970000
291.780000 5049.270000
291.680000 5034.000000
291.580000 4737.760000
291.480000 4884.110000
291.380000 5036.340000
291.280000 4873.620000
291.180000 4861.940000
291.080000 4963.910000
290.980000 4976.380000
290.880000 5218.750000
290.780000 5176.400000
290.680000 5108.990000
290.580000 5057.550000
290.480000 5071.820000
290.380000 5289.200000
290.280000 5333.900000
290.180000 5178.340000
290.080000 5332.560000
289.980000 5404.060000
289.880000 5655.630000
289.780000 5867.220000
289.680000 6099.680000
289.580000 5997.410000
289.480000 6309.100000
289.380000 6811.060000
289.280000 7029.290000
289.180000 7399.010000
289.080000 7601.970000
288.980000 8303.690000
288.880000 8720.610000
288.780000 9059.340000
288.680000 9259.030000
288.580000 10013.700000
288.480000 10188.300000
288.380000 10630.900000
288.280000 11159.000000
288.180000 11913.400000
288.080000 12238.500000
287.980000 12336.500000
287.880000 13030.800000
287.780000 14111.000000
287.680000 14236.700000
287.580000 14989.400000
287.480000 15389.500000
287.380000 16307.400000
287.280000 17242.700000
287.180000 17735.300000
287.080000 19509.800000
286.980000 20758.500000
286.880000 21683.600000
286.780000 23007.900000
286.680000 24263.800000
286.580000 25849.400000
286.480000 27461.900000
286.380000 29925.400000
286.280000 32726.000000
286.180000 37642.400000
286.080000 44675.400000
285.980000 55707.000000
285.880000 73761.100000
285.780000 98425.400000
285.680000 134141.000000
285.580000 179356.000000
285.480000 234634.000000
285.380000 292588.000000
285.280000 342587.000000
285.180000 375492.000000
285.080000 379763.000000
284.980000 353049.000000
284.880000 301133.000000
284.780000 240546.000000
284.680000 182374.000000
284.580000 135028.000000
284.480000 101000.000000
284.380000 77810.400000
284.280000 61164.700000
284.180000 49612.600000
284.080000 41528.100000
283.980000 35388.600000
283.880000 29827.000000
283.780000 25374.600000
283.680000 21744.400000
283.580000 18538.400000
283.480000 16315.700000
283.380000 13741.600000
283.280000 11801.600000
283.180000 10135.400000
283.080000 8302.430000
282.980000 7470.560000
282.880000 6336.660000
282.780000 5576.920000
282.680000 4988.670000
282.580000 4424.300000
282.480000 3857.870000
282.380000 3708.190000
282.280000 3407.470000
282.180000 3147.810000
282.080000 2904.740000
281.980000 2628.810000
281.880000 2511.950000
281.780000 2434.210000
281.680000 2368.130000
281.580000 2102.300000
281.480000 2069.790000
281.380000 1986.900000
281.280000 1873.640000
281.180000 1763.000000
281.080000 1793.160000
280.980000 1733.710000
280.880000 1737.430000
280.780000 1533.370000
280.680000 1568.100000
280.580000 1445.100000
280.480000 1519.640000
280.380000 1381.800000
280.280000 1427.860000
280.180000 1349.880000
280.080000 1359.630000
279.980000 1302.260000
279.880000 1331.540000
279.780000 1326.940000
279.680000 1248.110000
279.580000 1204.380000
279.480000 1094.090000
279.380000 1208.200000
