298.080000 3926.150000
297.980000 3723.220000
297.880000 3839.630000
297.780000 3947.940000
297.680000 3581.570000
297.580000 3620.240000
297.480000 3655.770000
297.380000 3677.560000
297.280000 3414.840000
297.180000 3592.150000
297.080000 3629.590000
296.980000 3356.280000
296.880000 3534.010000
296.780000 3381.180000
296.680000 3382.910000
296.580000 3356.960000
296.480000 3390.670000
296.380000 3277.790000
296.280000 3172.940000
296.180000 3346.040000
296.080000 3214.580000
295.980000 3092.500000
295.880000 3214.040000
295.780000 3071.130000
295.680000 3084.180000
295.580000 2957.410000
295.480000 3012.830000
295.380000 2991.270000
295.280000 3125.760000
295.180000 2937.550000
295.080000 2700.930000
294.980000 2854.680000
294.880000 2783.610000
294.780000 2795.750000
294.680000 2861.110000
294.580000 2793.720000
294.480000 2741.110000
294.380000 2749.730000
294.280000 2783.020000
294.180000 2708.660000
294.080000 2803.070000
293.980000 2644.900000
293.880000 2600.950000
293.780000 2562.040000
293.680000 2474.480000
293.580000 2418.230000
293.480000 2477.870000
293.380000 2440.970000
293.280000 2375.970000
293.180000 2458.340000
293.080000 2356.870000
292.980000 2205.020000
292.880000 2250.980000
292.780000 2315.930000
292.680000 2238.370000
292.580000 2248.060000
292.480000 2205.420000
292.380000 2104.200000
292.280000 2107.980000
292.180000 2116.980000
292.080000 2125.380000
291.980000 1933.000000
291.880000 2107.480000
291.780000 2031.260000
291.680000 2117.090000
291.580000 2026.670000
291.480000 1921.040000
291.380000 2022.940000
291.280000 2057.230000
291.180000 1943.860000
291.080000 2013.360000
290.980000 1988.150000
290.880000 1924.270000
290.780000 1967.200000
290.680000 1975.660000
290.580000 1917.350000
290.480000 2071.320000
290.380000 2086.940000
290.280000 2081.830000
290.180000 2068.200000
290.080000 2177.200000
289.980000 2212.670000
289.880000 2178.500000
289.780000 2115.430000
289.680000 2286.110000
289.580000 2368.260000
289.480000 2363.560000
289.380000 2440.400000
289.280000 2527.530000
289.180000 2755.000000
289.080000 2842.560000
288.980000 2912.890000
288.880000 3189.670000
288.780000 3298.200000
288.680000 3679.780000
288.580000 3727.920000
288.480000 4041.810000
288.380000 4263.670000
288.280000 4544.070000
288.180000 4624.900000
288.080000 4886.490000
287.980000 5103.210000
287.880000 5120.690000
287.780000 5443.700000
287.680000 5608.660000
287.580000 5726.390000
287.480000 6057.290000
287.380000 6329.350000
287.280000 6556.690000
287.180000 6882.840000
287.080000 7381.700000
286.980000 7471.760000
286.880000 8030.190000
286.780000 8510.500000
286.680000 8865.870000
286.580000 9615.840000
286.480000 9991.480000
286.380000 10943.000000
286.280000 11414.800000
286.180000 12167.900000
286.080000 13227.700000
285.980000 14607.800000
285.880000 16547.900000
285.780000 20112.300000
285.680000 23793.700000
285.580000 29889.300000
285.480000 39055.200000
285.380000 51447.700000
285.280000 66778.200000
285.180000 84938.200000
285.080000 102495.000000
284.980000 119063.000000
284.880000 130841.000000
284.780000 134748.000000
284.680000 129849.000000
284.580000 118487.000000
284.480000 100146.000000
284.380000 81685.900000
284.280000 64805.400000
284.180000 51247.000000
284.080000 40171.600000
283.980000 32300.600000
283.880000 27043.700000
283.780000 22577.500000
283.680000 19083.000000
283.580000 16700.500000
283.480000 14004.100000
283.380000 12066.500000
283.280000 10231.400000
283.180000 8695.370000
283.080000 7333.130000
282.980000 6158.580000
282.880000 5159.990000
282.780000 4482.070000
282.680000 3788.950000
282.580000 3292.500000
282.480000 2822.840000
282.380000 2532.800000
282.280000 2168.050000
282.180000 2078.310000
282.080000 1682.040000
281.980000 1634.600000
281.880000 1528.010000
281.780000 1402.200000
281.680000 1307.840000
281.580000 1148.740000
281.480000 1208.990000
281.380000 1079.960000
281.280000 1038.850000
281.180000 928.716000
281.080000 860.985000
280.980000 892.290000
280.880000 787.119000
280.780000 830.850000
280.680000 745.948000
280.580000 730.265000
280.480000 716.423000
280.380000 774.240000
280.280000 703.160000
280.180000 705.803000
280.080000 692.029000
279.980000 632.190000
279.880000 631.431000
279.780000 602.278000
279.680000 601.533000
279.580000 636.428000
279.480000 615.919000
279.380000 593.542000
