298.080000 4688.070000
297.980000 4664.050000
297.880000 4659.820000
297.780000 4405.030000
297.680000 4449.450000
297.580000 4508.780000
297.480000 4315.580000
297.380000 4268.460000
297.280000 4351.510000
297.180000 4344.380000
297.080000 4266.230000
296.980000 4374.600000
296.880000 4155.910000
296.780000 3989.350000
296.680000 4111.730000
296.580000 3953.190000
296.480000 3826.420000
296.380000 3857.990000
296.280000 3927.060000
296.180000 3793.430000
296.080000 3783.130000
295.980000 3815.120000
295.880000 3729.830000
295.780000 3660.220000
295.680000 3717.260000
295.580000 3794.980000
295.480000 3609.520000
295.380000 3571.970000
295.280000 3465.460000
295.180000 3533.100000
295.080000 3562.640000
294.980000 3341.350000
294.880000 3469.640000
294.780000 3504.640000
294.680000 3354.640000
294.580000 3346.050000
294.480000 3302.870000
294.380000 3332.200000
294.280000 3296.910000
294.180000 3107.540000
294.080000 3224.270000
293.980000 3047.230000
293.880000 3164.250000
293.780000 3064.600000
293.680000 3111.510000
293.580000 3125.890000
293.480000 3057.210000
293.380000 3023.990000
293.280000 2996.120000
293.180000 3014.020000
293.080000 3101.200000
292.980000 2904.660000
292.880000 2843.990000
292.780000 2821.590000
292.680000 2783.060000
292.580000 2773.680000
292.480000 2791.950000
292.380000 2676.020000
292.280000 2707.520000
292.180000 2631.480000
292.080000 2631.310000
291.980000 2695.530000
291.880000 2707.380000
291.780000 2572.580000
291.680000 2598.860000
291.580000 2711.190000
291.480000 2689.960000
291.380000 2571.100000
291.280000 2618.430000
291.180000 2541.970000
291.080000 2526.030000
290.980000 2478.670000
290.880000 2568.730000
290.780000 2657.510000
290.680000 2655.070000
290.580000 2611.330000
290.480000 2492.020000
290.380000 2706.060000
290.280000 2738.920000
290.180000 2621.750000
290.080000 2680.210000
289.980000 2713.880000
289.880000 2845.760000
289.780000 2868.780000
289.680000 3054.000000
289.580000 3015.240000
289.480000 3225.640000
289.380000 3312.860000
289.280000 3521.320000
289.180000 3560.450000
289.080000 3794.010000
288.980000 3887.400000
288.880000 4021.530000
288.780000 4251.110000
288.680000 4801.290000
288.580000 4955.380000
288.480000 5107.640000
288.380000 5515.200000
288.280000 5890.820000
288.180000 6031.910000
288.080000 6134.420000
287.980000 6243.170000
287.880000 6739.430000
287.780000 6838.700000
287.680000 7155.130000
287.580000 7390.310000
287.480000 7914.810000
287.380000 8148.360000
287.280000 8702.340000
287.180000 8933.450000
287.080000 9186.790000
286.980000 9948.190000
286.880000 10515.300000
286.780000 10954.700000
286.680000 11813.600000
286.580000 12601.700000
286.480000 13368.600000
286.380000 13850.800000
286.280000 14858.800000
286.180000 15893.700000
286.080000 17284.400000
285.980000 19320.100000
285.880000 22272.600000
285.780000 26975.900000
285.680000 33583.500000
285.580000 43548.600000
285.480000 56661.900000
285.380000 75502.500000
285.280000 96679.200000
285.180000 121461.000000
285.080000 145394.000000
284.980000 164821.000000
284.880000 176228.000000
284.780000 174692.000000
284.680000 163544.000000
284.580000 143395.000000
284.480000 116269.000000
284.380000 91022.000000
284.280000 69898.900000
284.180000 53754.000000
284.080000 42087.700000
283.980000 34150.800000
283.880000 27957.200000
283.780000 23631.800000
283.680000 20443.000000
283.580000 17521.100000
283.480000 14912.900000
283.380000 13003.900000
283.280000 11102.800000
283.180000 9395.270000
283.080000 8018.970000
282.980000 6643.520000
282.880000 5976.830000
282.780000 5080.470000
282.680000 4223.160000
282.580000 3665.920000
282.480000 3229.980000
282.380000 2823.480000
282.280000 2483.920000
282.180000 2398.970000
282.080000 2118.350000
281.980000 1981.560000
281.880000 1805.280000
281.780000 1666.460000
281.680000 1578.610000
281.580000 1445.120000
281.480000 1316.460000
281.380000 1339.730000
281.280000 1204.730000
281.180000 1132.470000
281.080000 1157.860000
280.980000 1036.460000
280.880000 1009.010000
280.780000 1024.770000
280.680000 930.756000
280.580000 907.486000
280.480000 801.793000
280.380000 888.841000
280.280000 838.263000
280.180000 827.341000
280.080000 794.180000
279.980000 774.397000
279.880000 795.476000
279.780000 710.283000
279.680000 765.523000
279.580000 683.047000
279.480000 743.515000
279.380000 671.611000
