298.080000 9367.140000
297.980000 9362.810000
297.880000 9164.810000
297.780000 9075.680000
297.680000 8805.080000
297.580000 9126.390000
297.480000 9086.390000
297.380000 8819.570000
297.280000 8655.180000
297.180000 8418.200000
297.080000 8422.650000
296.980000 8397.530000
296.880000 8468.880000
296.780000 8272.220000
296.680000 8222.700000
296.580000 7966.210000
296.480000 7994.270000
296.380000 8308.910000
296.280000 8021.720000
296.180000 8039.970000
296.080000 7834.850000
295.980000 7663.440000
295.880000 7740.730000
295.780000 7755.610000
295.680000 7688.810000
295.580000 7651.090000
295.480000 7650.530000
295.380000 7487.060000
295.280000 7599.570000
295.180000 7538.740000
295.080000 7441.310000
294.980000 7332.890000
294.880000 7470.850000
294.780000 7132.010000
294.680000 7230.630000
294.580000 7005.320000
294.480000 7006.510000
294.380000 6819.660000
294.280000 6697.360000
294.180000 6780.690000
294.080000 6673.950000
293.980000 6817.670000
293.880000 6583.870000
293.780000 6730.530000
293.680000 6637.390000
293.580000 6453.210000
293.480000 6429.900000
293.380000 6506.430000
293.280000 6709.910000
293.180000 6430.650000
293.080000 6301.230000
292.980000 6243.090000
292.880000 6254.670000
292.780000 6173.960000
292.680000 5991.060000
292.580000 6045.080000
292.480000 5947.840000
292.380000 5870.970000
292.280000 5904.330000
292.180000 5788.060000
292.080000 5873.950000
291.980000 5760.750000
291.880000 5607.600000
291.780000 5483.480000
291.680000 5712.020000
291.580000 5421.990000
291.480000 5597.200000
291.380000 5671.540000
291.280000 5468.750000
291.180000 5505.260000
291.080000 5383.480000
290.980000 5648.870000
290.880000 5443.300000
290.780000 5499.250000
290.680000 5711.390000
290.580000 5692.700000
290.480000 5763.000000
290.380000 5826.810000
290.280000 5852.150000
290.180000 5978.760000
290.080000 6161.870000
289.980000 6311.320000
289.880000 6418.080000
289.780000 6609.170000
289.680000 6917.170000
289.580000 6861.910000
289.480000 7272.170000
289.380000 7482.160000
289.280000 7985.600000
289.180000 8520.020000
289.080000 8840.420000
288.980000 9294.190000
288.880000 9937.260000
288.780000 10178.400000
288.680000 10623.400000
288.580000 11272.100000
288.480000 11629.900000
288.380000 12190.100000
288.280000 13068.400000
288.180000 13161.700000
288.080000 13716.900000
287.980000 14148.000000
287.880000 15155.100000
287.780000 15830.100000
287.680000 16423.600000
287.580000 17215.400000
287.480000 18078.600000
287.380000 18889.300000
287.280000 19744.200000
287.180000 21113.600000
287.080000 22861.200000
286.980000 23923.500000
286.880000 25543.500000
286.780000 26597.800000
286.680000 28416.100000
286.580000 30037.600000
286.480000 31943.300000
286.380000 34437.400000
286.280000 38679.400000
286.180000 45279.800000
286.080000 54907.600000
285.980000 70033.500000
285.880000 93174.800000
285.780000 126550.000000
285.680000 172499.000000
285.580000 233000.000000
285.480000 299731.000000
285.380000 366831.000000
285.280000 419211.000000
285.180000 443788.000000
285.080000 430199.000000
284.980000 385778.000000
284.880000 315740.000000
284.780000 244208.000000
284.680000 181791.000000
284.580000 135062.000000
284.480000 101184.000000
284.380000 78048.100000
284.280000 62991.800000
284.180000 51657.700000
284.080000 43009.500000
283.980000 36191.400000
283.880000 31135.100000
283.780000 26679.100000
283.680000 23076.000000
283.580000 19559.600000
283.480000 16793.600000
283.380000 14065.900000
283.280000 12355.700000
283.180000 10578.700000
283.080000 8837.190000
282.980000 7539.170000
282.880000 6378.110000
282.780000 5715.780000
282.680000 5104.130000
282.580000 4676.460000
282.480000 4248.240000
282.380000 3842.870000
282.280000 3529.490000
282.180000 3274.820000
282.080000 2957.190000
281.980000 2969.970000
281.880000 2706.940000
281.780000 2622.520000
281.680000 2417.710000
281.580000 2524.240000
281.480000 2246.420000
281.380000 2173.820000
281.280000 2212.190000
281.180000 2008.080000
281.080000 1966.370000
280.980000 1893.730000
280.880000 1815.570000
280.780000 1801.330000
280.680000 1645.140000
280.580000 1629.160000
280.480000 1651.300000
280.380000 1627.620000
280.280000 1452.070000
280.180000 1449.250000
280.080000 1481.100000
279.980000 1535.350000
279.880000 1444.730000
279.780000 1439.110000
279.680000 1413.350000
279.580000 1460.240000
279.480000 1489.550000
279.380000 1304.280000
