298.080000 7220.810000
297.980000 7163.630000
297.880000 7008.350000
297.780000 6891.700000
297.680000 6716.550000
297.580000 6924.570000
297.480000 6925.360000
297.380000 6647.330000
297.280000 6524.970000
297.180000 6639.090000
297.080000 6790.570000
296.980000 6473.620000
296.880000 6653.950000
296.780000 6377.190000
296.680000 6160.690000
296.580000 6373.370000
296.480000 6081.400000
296.380000 6232.790000
296.280000 6184.870000
296.180000 6199.430000
296.080000 6078.750000
295.980000 6176.420000
295.880000 5908.060000
295.780000 5910.730000
295.680000 5962.360000
295.580000 5908.200000
295.480000 5547.110000
295.380000 5637.910000
295.280000 5734.110000
295.180000 5786.640000
295.080000 5506.010000
294.980000 5562.380000
294.880000 5441.700000
294.780000 5585.010000
294.680000 5560.210000
294.580000 5531.670000
294.480000 5467.260000
294.380000 5389.970000
294.280000 5327.700000
294.180000 5176.800000
294.080000 5197.260000
293.980000 5127.630000
293.880000 5126.010000
293.780000 5124.290000
293.680000 5125.230000
293.580000 4976.620000
293.480000 4872.330000
293.380000 4912.550000
293.280000 4764.620000
293.180000 4767.530000
293.080000 4942.080000
292.980000 4814.980000
292.880000 4677.750000
292.780000 4781.790000
292.680000 4713.980000
292.580000 4601.860000
292.480000 4519.400000
292.380000 4666.590000
292.280000 4437.530000
292.180000 4416.680000
292.080000 4427.160000
291.980000 4548.450000
291.880000 4407.050000
291.780000 4315.990000
291.680000 4285.770000
291.580000 4152.040000
291.480000 4337.050000
291.380000 4400.160000
291.280000 4298.480000
291.180000 4278.240000
291.080000 4360.330000
290.980000 4300.970000
290.880000 4299.980000
290.780000 4426.390000
290.680000 4432.250000
290.580000 4402.110000
290.480000 4537.930000
290.380000 4541.520000
290.280000 4389.840000
290.180000 4540.350000
290.080000 4540.550000
289.980000 4701.460000
289.880000 4837.680000
289.780000 4924.480000
289.680000 5160.680000
289.580000 5486.270000
289.480000 5641.610000
289.380000 5857.370000
289.280000 5993.130000
289.180000 6455.480000
289.080000 6843.160000
288.980000 7088.230000
288.880000 7461.060000
288.780000 8118.470000
288.680000 8195.220000
288.580000 8652.660000
288.480000 9056.390000
288.380000 9230.860000
288.280000 9846.110000
288.180000 10082.700000
288.080000 10512.000000
287.980000 11226.900000
287.880000 11490.500000
287.780000 11938.100000
287.680000 12467.700000
287.580000 13079.500000
287.480000 13600.100000
287.380000 14207.700000
287.280000 15101.400000
287.180000 15896.700000
287.080000 16784.000000
286.980000 17669.000000
286.880000 18733.400000
286.780000 19744.200000
286.680000 21207.000000
286.580000 22203.700000
286.480000 23665.500000
286.380000 25186.500000
286.280000 27481.100000
286.180000 31140.900000
286.080000 36608.500000
285.980000 44795.900000
285.880000 57262.100000
285.780000 75610.100000
285.680000 102015.000000
285.580000 136422.000000
285.480000 180692.000000
285.380000 227644.000000
285.280000 272673.000000
285.180000 306655.000000
285.080000 320758.000000
284.980000 312304.000000
284.880000 277206.000000
284.780000 228772.000000
284.680000 179457.000000
284.580000 135055.000000
284.480000 100782.000000
284.380000 76702.500000
284.280000 59989.600000
284.180000 48131.100000
284.080000 39925.800000
283.980000 32878.900000
283.880000 28120.200000
283.780000 24150.100000
283.680000 21091.000000
283.580000 18178.200000
283.480000 15487.200000
283.380000 13275.000000
283.280000 11438.300000
283.180000 9572.130000
283.080000 8213.800000
282.980000 6919.300000
282.880000 6150.000000
282.780000 5220.830000
282.680000 4722.040000
282.580000 4275.880000
282.480000 3823.170000
282.380000 3323.560000
282.280000 3115.710000
282.180000 2998.460000
282.080000 2630.750000
281.980000 2443.420000
281.880000 2308.700000
281.780000 2201.700000
281.680000 2015.270000
281.580000 2064.300000
281.480000 1866.810000
281.380000 1773.630000
281.280000 1603.650000
281.180000 1617.890000
281.080000 1563.040000
280.980000 1537.860000
280.880000 1484.140000
280.780000 1517.380000
280.680000 1370.520000
280.580000 1300.940000
280.480000 1246.160000
280.380000 1299.690000
280.280000 1295.980000
280.180000 1241.850000
280.080000 1244.600000
279.980000 1081.790000
279.880000 1161.430000
279.780000 1069.650000
279.680000 1070.200000
279.580000 1016.770000
279.480000 1102.820000
279.380000 1061.900000
