298.080000 8980.920000
297.980000 8918.820000
297.880000 8631.160000
297.780000 8649.270000
297.680000 8712.120000
297.580000 8769.210000
297.480000 8526.310000
297.380000 8334.870000
297.280000 8394.490000
297.180000 8186.240000
297.080000 8154.480000
296.980000 8146.250000
296.880000 8014.130000
296.780000 8047.720000
296.680000 7951.620000
296.580000 7791.320000
296.480000 7865.840000
296.380000 7896.950000
296.280000 7866.700000
296.180000 7609.390000
296.080000 7554.320000
295.980000 7548.320000
295.880000 7569.250000
295.780000 7642.180000
295.680000 7347.470000
295.580000 7382.200000
295.480000 7225.230000
295.380000 7077.440000
295.280000 7062.460000
295.180000 7279.010000
295.080000 6984.390000
294.980000 7023.680000
294.880000 6956.810000
294.780000 6848.990000
294.680000 6667.720000
294.580000 6733.510000
294.480000 6788.140000
294.380000 6609.940000
294.280000 6566.690000
294.180000 6388.850000
294.080000 6446.320000
293.980000 6311.820000
293.880000 6279.440000
293.780000 6264.150000
293.680000 6253.380000
293.580000 6116.230000
293.480000 6116.750000
293.380000 6021.340000
293.280000 6057.740000
293.180000 5983.730000
293.080000 5824.070000
292.980000 5672.260000
292.880000 5601.260000
292.780000 5567.800000
292.680000 5544.280000
292.580000 5541.320000
292.480000 5419.730000
292.380000 5592.450000
292.280000 5392.430000
292.180000 5334.160000
292.080000 5293.690000
291.980000 5221.880000
291.880000 5227.760000
291.780000 5183.310000
291.680000 5180.170000
291.580000 5264.240000
291.480000 5298.330000
291.380000 5221.760000
291.280000 5288.080000
291.180000 5344.220000
291.080000 5415.070000
290.980000 5250.270000
290.880000 5426.910000
290.780000 5457.980000
290.680000 5421.060000
290.580000 5565.630000
290.480000 5646.470000
290.380000 6082.740000
290.280000 6041.470000
290.180000 6166.040000
290.080000 6515.650000
289.980000 6995.790000
289.880000 6992.460000
289.780000 7624.050000
289.680000 7653.470000
289.580000 8320.740000
289.480000 8668.600000
289.380000 9091.330000
289.280000 9487.240000
289.180000 10187.300000
289.080000 10254.900000
288.980000 10749.100000
288.880000 11487.500000
288.780000 11785.100000
288.680000 12465.400000
288.580000 12764.200000
288.480000 13606.300000
288.380000 14376.300000
288.280000 14516.400000
288.180000 15413.400000
288.080000 16043.700000
287.980000 16643.900000
287.880000 17852.200000
287.780000 19093.600000
287.680000 19734.300000
287.580000 21113.300000
287.480000 22434.900000
287.380000 23936.400000
287.280000 25540.900000
287.180000 27141.200000
287.080000 29227.000000
286.980000 30809.100000
286.880000 33926.500000
286.780000 37466.300000
286.680000 43637.500000
286.580000 52818.000000
286.480000 67464.900000
286.380000 89339.500000
286.280000 123161.000000
286.180000 171117.000000
286.080000 235125.000000
285.980000 309365.000000
285.880000 386127.000000
285.780000 447423.000000
285.680000 473672.000000
285.580000 457684.000000
285.480000 400100.000000
285.380000 322686.000000
285.280000 244009.000000
285.180000 178383.000000
285.080000 129418.000000
284.980000 97299.500000
284.880000 74642.000000
284.780000 59883.800000
284.680000 49023.300000
284.580000 41276.500000
284.480000 35456.600000
284.380000 29327.800000
284.280000 24754.800000
284.180000 21478.200000
284.080000 18467.400000
283.980000 15556.100000
283.880000 13485.800000
283.780000 11175.800000
283.680000 9350.100000
283.580000 7926.950000
283.480000 6848.930000
283.380000 5909.640000
283.280000 5163.700000
283.180000 4896.700000
283.080000 4205.190000
282.980000 3742.590000
282.880000 3567.430000
282.780000 3184.450000
282.680000 3035.200000
282.580000 2757.200000
282.480000 2780.730000
282.380000 2579.490000
282.280000 2457.190000
282.180000 2436.700000
282.080000 2137.040000
281.980000 2224.030000
281.880000 2036.690000
281.780000 2095.190000
281.680000 1959.980000
281.580000 1988.080000
281.480000 1910.800000
281.380000 1738.770000
281.280000 1790.380000
281.180000 1766.450000
281.080000 1574.600000
280.980000 1537.350000
280.880000 1628.660000
280.780000 1660.780000
280.680000 1462.440000
280.580000 1492.270000
280.480000 1514.370000
280.380000 1551.450000
280.280000 1556.720000
280.180000 1389.950000
280.080000 1378.700000
279.980000 1451.080000
279.880000 1412.880000
279.780000 1409.260000
279.680000 1361.600000
279.580000 1361.340000
279.480000 1401.700000
279.380000 1321.020000
