298.080000 11301.900000
297.980000 11060.800000
297.880000 10984.700000
297.780000 11096.300000
297.680000 10968.700000
297.580000 10697.000000
297.480000 10613.800000
297.380000 10659.100000
297.280000 10467.400000
297.180000 10474.900000
297.080000 10653.100000
296.980000 10167.500000
296.880000 9952.120000
296.780000 10056.300000
296.680000 9947.220000
296.580000 9833.520000
296.480000 9778.640000
296.380000 9872.150000
296.280000 9935.130000
296.180000 9742.110000
296.080000 9724.520000
295.980000 9437.310000
295.880000 9441.820000
295.780000 9272.810000
295.680000 9254.620000
295.580000 9159.650000
295.480000 9049.790000
295.380000 8958.210000
295.280000 8930.740000
295.180000 9071.040000
295.080000 8865.860000
294.980000 8679.160000
294.880000 8704.150000
294.780000 8578.950000
294.680000 8405.890000
294.580000 8671.940000
294.480000 8322.000000
294.380000 8415.780000
294.280000 8357.930000
294.180000 8281.480000
294.080000 8207.850000
293.980000 7966.690000
293.880000 8027.720000
293.780000 7797.820000
293.680000 7845.360000
293.580000 7903.710000
293.480000 7692.440000
293.380000 7492.380000
293.280000 7531.980000
293.180000 7398.040000
293.080000 7501.410000
292.980000 7296.750000
292.880000 7435.650000
292.780000 7358.540000
292.680000 7000.030000
292.580000 7083.070000
292.480000 6977.140000
292.380000 6825.950000
292.280000 6807.650000
292.180000 6851.790000
292.080000 6718.210000
291.980000 6667.620000
291.880000 6755.100000
291.780000 6604.040000
291.680000 6773.210000
291.580000 6634.150000
291.480000 6643.770000
291.380000 6736.640000
291.280000 6750.970000
291.180000 6574.920000
291.080000 6879.340000
290.980000 6787.560000
290.880000 6710.140000
290.780000 6790.770000
290.680000 6796.780000
290.580000 6838.820000
290.480000 7045.150000
290.380000 7299.470000
290.280000 7478.820000
290.180000 7755.440000
290.080000 7921.210000
289.980000 8155.170000
289.880000 8417.190000
289.780000 8872.330000
289.680000 8942.180000
289.580000 9752.460000
289.480000 10379.400000
289.380000 10758.800000
289.280000 11266.900000
289.180000 11869.600000
289.080000 12469.000000
288.980000 13052.200000
288.880000 13801.600000
288.780000 14354.900000
288.680000 14894.300000
288.580000 15483.900000
288.480000 16007.900000
288.380000 16630.600000
288.280000 17613.000000
288.180000 18137.800000
288.080000 18989.800000
287.980000 19849.100000
287.880000 20890.700000
287.780000 22304.400000
287.680000 23114.000000
287.580000 24588.200000
287.480000 26430.000000
287.380000 27893.000000
287.280000 29551.800000
287.180000 31254.000000
287.080000 33286.700000
286.980000 35739.000000
286.880000 37958.300000
286.780000 41579.100000
286.680000 45350.900000
286.580000 51797.400000
286.480000 61555.600000
286.380000 78118.600000
286.280000 102351.000000
286.180000 140182.000000
286.080000 194076.000000
285.980000 267540.000000
285.880000 356302.000000
285.780000 452223.000000
285.680000 534882.000000
285.580000 582718.000000
285.480000 581285.000000
285.380000 528881.000000
285.280000 439377.000000
285.180000 339367.000000
285.080000 251623.000000
284.980000 182898.000000
284.880000 135397.000000
284.780000 102200.000000
284.680000 81020.100000
284.580000 65126.900000
284.480000 54280.500000
284.380000 45662.600000
284.280000 38731.400000
284.180000 33541.800000
284.080000 28639.300000
283.980000 24323.300000
283.880000 20557.200000
283.780000 17222.200000
283.680000 14641.800000
283.580000 12390.100000
283.480000 10404.100000
283.380000 9076.990000
283.280000 7879.990000
283.180000 6888.920000
283.080000 6093.190000
282.980000 5385.840000
282.880000 5020.610000
282.780000 4492.540000
282.680000 4065.990000
282.580000 3746.480000
282.480000 3563.710000
282.380000 3316.310000
282.280000 3057.540000
282.180000 3075.220000
282.080000 2911.180000
281.980000 2738.420000
281.880000 2680.160000
281.780000 2587.030000
281.680000 2441.500000
281.580000 2416.480000
281.480000 2402.850000
281.380000 2342.330000
281.280000 2359.660000
281.180000 2150.020000
281.080000 2152.780000
280.980000 2089.610000
280.880000 2001.210000
280.780000 1970.110000
280.680000 1991.570000
280.580000 1916.280000
280.480000 1929.410000
280.380000 1855.630000
280.280000 1863.610000
280.180000 1869.770000
280.080000 1754.590000
279.980000 1810.660000
279.880000 1648.640000
279.780000 1693.430000
279.680000 1609.090000
279.580000 1595.660000
279.480000 1643.180000
279.380000 1571.440000
