298.080000 12133.900000
297.980000 11964.600000
297.880000 11627.800000
297.780000 11758.500000
297.680000 11376.600000
297.580000 11457.300000
297.480000 11232.800000
297.380000 11101.900000
297.280000 11238.200000
297.180000 11109.500000
297.080000 10922.800000
296.980000 10812.300000
296.880000 10960.300000
296.780000 10739.400000
296.680000 10497.100000
296.580000 10428.500000
296.480000 10581.700000
296.380000 10640.800000
296.280000 10319.900000
296.180000 10040.700000
296.080000 9996.390000
295.980000 9923.100000
295.880000 10144.800000
295.780000 9831.550000
295.680000 9789.490000
295.580000 9777.780000
295.480000 9536.460000
295.380000 9693.570000
295.280000 9483.270000
295.180000 9526.040000
295.080000 9528.690000
294.980000 9649.610000
294.880000 9145.890000
294.780000 9120.060000
294.680000 8929.440000
294.580000 8789.510000
294.480000 9011.390000
294.380000 9052.020000
294.280000 8787.960000
294.180000 8790.660000
294.080000 8674.980000
293.980000 8513.230000
293.880000 8593.630000
293.780000 8502.950000
293.680000 8384.780000
293.580000 8444.040000
293.480000 8152.840000
293.380000 8211.950000
293.280000 7922.530000
293.180000 8041.300000
293.080000 7857.740000
292.980000 7877.820000
292.880000 7769.130000
292.780000 7803.150000
292.680000 7662.670000
292.580000 7553.720000
292.480000 7523.210000
292.380000 7432.160000
292.280000 7252.530000
292.180000 7374.570000
292.080000 7120.720000
291.980000 7121.480000
291.880000 7007.120000
291.780000 7037.690000
291.680000 7001.710000
291.580000 7108.190000
291.480000 6958.540000
291.380000 7084.060000
291.280000 7098.600000
291.180000 7048.630000
291.080000 6877.970000
290.980000 7016.800000
290.880000 7109.810000
290.780000 7037.170000
290.680000 7423.130000
290.580000 7349.630000
290.480000 7370.220000
290.380000 7728.530000
290.280000 7916.170000
290.180000 7934.880000
290.080000 8311.890000
289.980000 8372.330000
289.880000 8829.710000
289.780000 9047.860000
289.680000 9468.680000
289.580000 9743.470000
289.480000 10594.500000
289.380000 10867.000000
289.280000 11566.400000
289.180000 12526.200000
289.080000 12911.000000
288.980000 13581.800000
288.880000 13923.800000
288.780000 14590.600000
288.680000 15008.500000
288.580000 15815.300000
288.480000 16723.000000
288.380000 17211.400000
288.280000 18170.600000
288.180000 18876.200000
288.080000 19711.600000
287.980000 20185.500000
287.880000 21167.000000
287.780000 22747.800000
287.680000 23601.500000
287.580000 25048.200000
287.480000 26673.400000
287.380000 28304.800000
287.280000 30481.700000
287.180000 31846.500000
287.080000 34312.800000
286.980000 36217.500000
286.880000 38575.700000
286.780000 41207.900000
286.680000 45005.800000
286.580000 49635.900000
286.480000 57925.500000
286.380000 71023.900000
286.280000 90971.700000
286.180000 121444.000000
286.080000 167589.000000
285.980000 231379.000000
285.880000 314939.000000
285.780000 410901.000000
285.680000 509012.000000
285.580000 588258.000000
285.480000 621483.000000
285.380000 598922.000000
285.280000 527995.000000
285.180000 427133.000000
285.080000 324516.000000
284.980000 238054.000000
284.880000 174243.000000
284.780000 129572.000000
284.680000 99523.100000
284.580000 79236.100000
284.480000 64799.500000
284.380000 54080.800000
284.280000 45878.100000
284.180000 39210.000000
284.080000 33182.600000
283.980000 28547.500000
283.880000 24087.100000
283.780000 20306.900000
283.680000 17263.500000
283.580000 14986.100000
283.480000 12465.800000
283.380000 10607.700000
283.280000 9042.850000
283.180000 7929.840000
283.080000 6916.630000
282.980000 6216.100000
282.880000 5463.690000
282.780000 4925.920000
282.680000 4636.080000
282.580000 4284.330000
282.480000 3973.780000
282.380000 3605.400000
282.280000 3487.520000
282.180000 3237.310000
282.080000 3170.140000
281.980000 3150.020000
281.880000 2832.580000
281.780000 2895.810000
281.680000 2750.080000
281.580000 2547.070000
281.480000 2501.760000
281.380000 2540.880000
281.280000 2387.550000
281.180000 2415.380000
281.080000 2388.540000
280.980000 2210.930000
280.880000 2012.020000
280.780000 2038.530000
280.680000 2021.820000
280.580000 2014.790000
280.480000 1963.910000
280.380000 1878.530000
280.280000 2015.220000
280.180000 1900.260000
280.080000 1821.990000
279.980000 1778.640000
279.880000 1810.510000
279.780000 1792.090000
279.680000 1736.290000
279.580000 1760.850000
279.480000 1739.600000
279.380000 1753.020000
