298.080000 10237.800000
297.980000 10207.800000
297.880000 10135.700000
297.780000 9931.610000
297.680000 10055.800000
297.580000 10088.000000
297.480000 9869.910000
297.380000 9712.230000
297.280000 9743.360000
297.180000 9763.920000
297.080000 9413.330000
296.980000 9292.050000
296.880000 9443.450000
296.780000 9298.990000
296.680000 9478.770000
296.580000 9202.810000
296.480000 9025.200000
296.380000 8761.820000
296.280000 8965.270000
296.180000 8957.880000
296.080000 8641.190000
295.980000 8627.950000
295.880000 8618.820000
295.780000 8471.330000
295.680000 8591.060000
295.580000 8298.460000
295.480000 8641.170000
295.380000 8310.150000
295.280000 8104.080000
295.180000 8186.810000
295.080000 8118.000000
294.980000 8012.710000
294.880000 8086.410000
294.780000 7914.590000
294.680000 7852.540000
294.580000 8146.050000
294.480000 7910.630000
294.380000 7778.240000
294.280000 7750.990000
294.180000 7549.050000
294.080000 7401.300000
293.980000 7586.940000
293.880000 7471.240000
293.780000 7368.230000
293.680000 7288.180000
293.580000 7124.390000
293.480000 7157.950000
293.380000 7336.270000
293.280000 7231.440000
293.180000 7049.620000
293.080000 6988.950000
292.980000 6916.880000
292.880000 6993.590000
292.780000 6806.940000
292.680000 6730.290000
292.580000 6507.550000
292.480000 6644.030000
292.380000 6483.010000
292.280000 6465.660000
292.180000 6434.520000
292.080000 6363.370000
291.980000 6321.120000
291.880000 6254.770000
291.780000 6122.990000
291.680000 6188.930000
291.580000 6207.070000
291.480000 6306.800000
291.380000 6162.900000
291.280000 6257.610000
291.180000 5988.410000
291.080000 6219.650000
290.980000 6354.760000
290.880000 5982.610000
290.780000 6233.720000
290.680000 6312.840000
290.580000 6227.030000
290.480000 6337.430000
290.380000 6391.810000
290.280000 6425.420000
290.180000 6925.460000
290.080000 6765.680000
289.980000 6962.850000
289.880000 7203.440000
289.780000 7476.080000
289.680000 7585.470000
289.580000 7878.590000
289.480000 8235.140000
289.380000 8746.490000
289.280000 8966.480000
289.180000 9457.640000
289.080000 10000.000000
288.980000 10697.500000
288.880000 10997.700000
288.780000 11718.800000
288.680000 12349.400000
288.580000 12831.900000
288.480000 13401.800000
288.380000 13511.700000
288.280000 14388.400000
288.180000 14946.600000
288.080000 15957.600000
287.980000 16126.300000
287.880000 17089.900000
287.780000 17722.600000
287.680000 18625.000000
287.580000 19405.700000
287.480000 20514.600000
287.380000 21569.300000
287.280000 22560.300000
287.180000 24213.600000
287.080000 25669.900000
286.980000 27135.700000
286.880000 28613.000000
286.780000 30681.200000
286.680000 32570.400000
286.580000 34333.000000
286.480000 36983.900000
286.380000 40747.900000
286.280000 46239.600000
286.180000 55816.000000
286.080000 69621.500000
285.980000 91270.000000
285.880000 123193.000000
285.780000 169431.000000
285.680000 230678.000000
285.580000 305500.000000
285.480000 384449.000000
285.380000 456718.000000
285.280000 498991.000000
285.180000 505288.000000
285.080000 466694.000000
284.980000 397642.000000
284.880000 312008.000000
284.780000 233784.000000
284.680000 171637.000000
284.580000 127870.000000
284.480000 97650.100000
284.380000 76139.400000
284.280000 61494.000000
284.180000 50744.000000
284.080000 43300.000000
283.980000 36868.900000
283.880000 31024.000000
283.780000 27112.700000
283.680000 22922.500000
283.580000 19718.200000
283.480000 16759.200000
283.380000 14130.800000
283.280000 12123.000000
283.180000 10236.400000
283.080000 8867.760000
282.980000 7819.330000
282.880000 6700.230000
282.780000 6072.340000
282.680000 5413.390000
282.580000 4796.410000
282.480000 4371.340000
282.380000 4126.080000
282.280000 3677.080000
282.180000 3641.910000
282.080000 3280.560000
281.980000 3081.240000
281.880000 2984.940000
281.780000 2775.660000
281.680000 2560.800000
281.580000 2634.830000
281.480000 2538.960000
281.380000 2335.000000
281.280000 2363.240000
281.180000 2025.350000
281.080000 2171.960000
280.980000 2107.210000
280.880000 1981.490000
280.780000 1838.660000
280.680000 1943.870000
280.580000 1857.150000
280.480000 1844.520000
280.380000 1780.320000
280.280000 1714.680000
280.180000 1717.360000
280.080000 1627.170000
279.980000 1715.290000
279.880000 1551.520000
279.780000 1573.270000
279.680000 1559.970000
279.580000 1445.380000
279.480000 1490.070000
279.380000 1517.750000
