298.080000 6254.910000
297.980000 6251.050000
297.880000 6063.240000
297.780000 6110.490000
297.680000 5998.150000
297.580000 5931.810000
297.480000 6003.790000
297.380000 6120.140000
297.280000 5846.260000
297.180000 5751.280000
297.080000 5537.610000
296.980000 5602.060000
296.880000 5468.480000
296.780000 5619.400000
296.680000 5607.960000
296.580000 5427.270000
296.480000 5287.470000
296.380000 5342.600000
296.280000 5407.990000
296.180000 5391.200000
296.080000 5136.820000
295.980000 5161.820000
295.880000 5376.150000
295.780000 5148.980000
295.680000 5053.240000
295.580000 5133.260000
295.480000 5086.940000
295.380000 5006.290000
295.280000 4945.490000
295.180000 5011.830000
295.080000 4717.540000
294.980000 4759.470000
294.880000 4771.150000
294.780000 4724.560000
294.680000 4658.590000
294.580000 4748.940000
294.480000 4561.690000
294.380000 4596.230000
294.280000 4584.110000
294.180000 4453.480000
294.080000 4322.220000
293.980000 4277.170000
293.880000 4392.010000
293.780000 4537.400000
293.680000 4499.500000
293.580000 4408.570000
293.480000 4272.220000
293.380000 4293.160000
293.280000 4152.770000
293.180000 4322.210000
293.080000 4238.330000
292.980000 4141.380000
292.880000 3995.720000
292.780000 3999.100000
292.680000 4028.590000
292.580000 4112.160000
292.480000 3942.090000
292.380000 4020.010000
292.280000 3783.010000
292.180000 3932.110000
292.080000 4106.200000
291.980000 3852.440000
291.880000 3876.300000
291.780000 3828.600000
291.680000 3784.190000
291.580000 3753.020000
291.480000 3815.190000
291.380000 3628.900000
291.280000 3712.550000
291.180000 3744.100000
291.080000 3782.970000
290.980000 3704.240000
290.880000 3725.130000
290.780000 3824.160000
290.680000 3635.160000
290.580000 3688.820000
290.480000 3879.670000
290.380000 3876.300000
290.280000 3868.790000
290.180000 3852.370000
290.080000 4084.800000
289.980000 3871.690000
289.880000 4238.920000
289.780000 4210.540000
289.680000 4537.550000
289.580000 4648.670000
289.480000 4864.570000
289.380000 4996.610000
289.280000 5162.400000
289.180000 5317.360000
289.080000 5771.610000
288.980000 5826.750000
288.880000 6376.440000
288.780000 6751.410000
288.680000 6935.330000
288.580000 7420.830000
288.480000 7694.600000
288.380000 8084.790000
288.280000 8461.780000
288.180000 8933.010000
288.080000 9053.210000
287.980000 9441.750000
287.880000 9914.080000
287.780000 10286.600000
287.680000 10381.600000
287.580000 11307.600000
287.480000 11695.200000
287.380000 12085.200000
287.280000 12799.800000
287.180000 13632.700000
287.080000 13917.600000
286.980000 15012.600000
286.880000 15944.600000
286.780000 16826.300000
286.680000 17540.400000
286.580000 18878.100000
286.480000 19816.600000
286.380000 21024.700000
286.280000 22763.000000
286.180000 25566.000000
286.080000 29108.500000
285.980000 34643.200000
285.880000 43435.400000
285.780000 56232.800000
285.680000 75341.400000
285.580000 99785.800000
285.480000 134092.000000
285.380000 170941.000000
285.280000 209291.000000
285.180000 241022.000000
285.080000 263995.000000
284.980000 267247.000000
284.880000 251667.000000
284.780000 217711.000000
284.680000 177436.000000
284.580000 137605.000000
284.480000 102968.000000
284.380000 77963.000000
284.280000 60154.200000
284.180000 47689.400000
284.080000 38741.800000
283.980000 32451.200000
283.880000 27674.400000
283.780000 23465.400000
283.680000 19814.600000
283.580000 17489.000000
283.480000 14706.700000
283.380000 12810.700000
283.280000 10741.900000
283.180000 9209.360000
283.080000 8024.280000
282.980000 6848.790000
282.880000 6067.190000
282.780000 5056.370000
282.680000 4514.600000
282.580000 4048.510000
282.480000 3497.850000
282.380000 3167.950000
282.280000 2856.070000
282.180000 2555.670000
282.080000 2346.580000
281.980000 2126.660000
281.880000 2063.650000
281.780000 2027.960000
281.680000 1953.200000
281.580000 1778.690000
281.480000 1643.680000
281.380000 1600.050000
281.280000 1551.880000
281.180000 1504.130000
281.080000 1448.010000
280.980000 1291.650000
280.880000 1232.560000
280.780000 1274.430000
280.680000 1175.800000
280.580000 1151.810000
280.480000 1138.030000
280.380000 1129.250000
280.280000 1116.790000
280.180000 1039.480000
280.080000 999.064000
279.980000 954.794000
279.880000 996.451000
279.780000 956.834000
279.680000 944.868000
279.580000 933.798000
279.480000 910.058000
279.380000 933.961000
