298.080000 7596.020000
297.980000 7501.930000
297.880000 7510.210000
297.780000 7448.800000
297.680000 7162.100000
297.580000 7226.500000
297.480000 7352.830000
297.380000 7039.820000
297.280000 6913.780000
297.180000 6851.630000
297.080000 6750.510000
296.980000 6835.810000
296.880000 6646.180000
296.780000 6722.470000
296.680000 6669.790000
296.580000 6709.880000
296.480000 6687.180000
296.380000 6588.560000
296.280000 6402.200000
296.180000 6452.980000
296.080000 6370.380000
295.980000 6403.760000
295.880000 6367.260000
295.780000 6250.380000
295.680000 6147.770000
295.580000 6061.460000
295.480000 6091.140000
295.380000 6081.930000
295.280000 5932.480000
295.180000 5983.360000
295.080000 5772.600000
294.980000 5861.430000
294.880000 5803.350000
294.780000 5776.770000
294.680000 5608.120000
294.580000 5637.820000
294.480000 5676.230000
294.380000 5640.320000
294.280000 5642.050000
294.180000 5513.150000
294.080000 5535.760000
293.980000 5381.590000
293.880000 5317.390000
293.780000 5302.150000
293.680000 5210.050000
293.580000 5088.170000
293.480000 5000.010000
293.380000 5079.560000
293.280000 4867.000000
293.180000 4957.700000
293.080000 4855.330000
292.980000 4807.240000
292.880000 4708.350000
292.780000 4700.310000
292.680000 4749.930000
292.580000 4647.200000
292.480000 4582.980000
292.380000 4601.030000
292.280000 4586.720000
292.180000 4476.060000
292.080000 4402.040000
291.980000 4444.410000
291.880000 4552.820000
291.780000 4285.640000
291.680000 4405.210000
291.580000 4472.610000
291.480000 4355.750000
291.380000 4467.290000
291.280000 4557.960000
291.180000 4591.680000
291.080000 4377.740000
290.980000 4460.830000
290.880000 4544.730000
290.780000 4748.610000
290.680000 4641.820000
290.580000 4895.780000
290.480000 5018.160000
290.380000 4973.870000
290.280000 5207.390000
290.180000 5342.540000
290.080000 5573.150000
289.980000 5985.470000
289.880000 6143.270000
289.780000 6405.410000
289.680000 6775.580000
289.580000 7145.580000
289.480000 7886.160000
289.380000 8029.560000
289.280000 8215.930000
289.180000 8506.330000
289.080000 8914.700000
288.980000 9671.160000
288.880000 10029.400000
288.780000 10393.700000
288.680000 10783.100000
288.580000 11100.900000
288.480000 11730.300000
288.380000 12164.100000
288.280000 12485.400000
288.180000 13214.500000
288.080000 13745.800000
287.980000 14591.600000
287.880000 15457.100000
287.780000 16534.900000
287.680000 17838.300000
287.580000 18723.800000
287.480000 19982.100000
287.380000 21366.800000
287.280000 23000.200000
287.180000 24305.300000
287.080000 25906.100000
286.980000 27227.300000
286.880000 30461.600000
286.780000 34864.500000
286.680000 41530.400000
286.580000 52231.000000
286.480000 68157.400000
286.380000 93133.200000
286.280000 129761.000000
286.180000 179571.000000
286.080000 240337.000000
285.980000 307261.000000
285.880000 366234.000000
285.780000 399781.000000
285.680000 400047.000000
285.580000 360275.000000
285.480000 298645.000000
285.380000 228241.000000
285.280000 168579.000000
285.180000 121279.000000
285.080000 90030.600000
284.980000 68653.400000
284.880000 54148.500000
284.780000 43866.800000
284.680000 36902.400000
284.580000 31277.200000
284.480000 26118.400000
284.380000 22770.800000
284.280000 19747.100000
284.180000 17000.400000
284.080000 14075.000000
283.980000 11780.100000
283.880000 10059.100000
283.780000 8570.220000
283.680000 7268.420000
283.580000 6112.010000
283.480000 5263.540000
283.380000 4676.720000
283.280000 4206.060000
283.180000 3694.870000
283.080000 3239.990000
282.980000 3103.380000
282.880000 2746.910000
282.780000 2582.670000
282.680000 2444.750000
282.580000 2377.930000
282.480000 2252.390000
282.380000 2130.870000
282.280000 2058.200000
282.180000 1871.610000
282.080000 1963.320000
281.980000 1872.780000
281.880000 1741.780000
281.780000 1767.120000
281.680000 1629.020000
281.580000 1640.200000
281.480000 1516.420000
281.380000 1567.040000
281.280000 1430.970000
281.180000 1471.400000
281.080000 1342.070000
280.980000 1475.300000
280.880000 1388.870000
280.780000 1384.100000
280.680000 1342.730000
280.580000 1226.520000
280.480000 1232.350000
280.380000 1212.390000
280.280000 1216.480000
280.180000 1266.050000
280.080000 1193.550000
279.980000 1211.490000
279.880000 1241.370000
279.780000 1179.800000
279.680000 1065.480000
279.580000 1100.470000
279.480000 1066.420000
279.380000 1060.520000
