298.080000 9803.720000
297.980000 10066.900000
297.880000 10029.900000
297.780000 9695.340000
297.680000 9950.510000
297.580000 9783.260000
297.480000 9601.910000
297.380000 9579.230000
297.280000 9544.830000
297.180000 9588.170000
297.080000 9499.830000
296.980000 9408.190000
296.880000 9414.120000
296.780000 9254.610000
296.680000 9126.250000
296.580000 8916.780000
296.480000 9032.100000
296.380000 8790.550000
296.280000 8741.810000
296.180000 8825.120000
296.080000 8649.170000
295.980000 8359.140000
295.880000 8475.390000
295.780000 8495.750000
295.680000 8669.780000
295.580000 8366.450000
295.480000 8431.160000
295.380000 8243.300000
295.280000 8117.050000
295.180000 8084.480000
295.080000 8109.490000
294.980000 7845.920000
294.880000 7903.330000
294.780000 7822.160000
294.680000 7790.530000
294.580000 7579.520000
294.480000 7692.020000
294.380000 7278.110000
294.280000 7542.980000
294.180000 7588.750000
294.080000 7309.540000
293.980000 7357.610000
293.880000 7045.770000
293.780000 7054.490000
293.680000 7123.490000
293.580000 6857.780000
293.480000 6878.360000
293.380000 6822.770000
293.280000 6754.600000
293.180000 6890.610000
293.080000 6879.200000
292.980000 6713.600000
292.880000 6698.410000
292.780000 6520.320000
292.680000 6365.440000
292.580000 6388.260000
292.480000 6285.530000
292.380000 6321.420000
292.280000 6180.440000
292.180000 6146.960000
292.080000 6008.760000
291.980000 6042.640000
291.880000 6087.510000
291.780000 5947.970000
291.680000 5972.990000
291.580000 6031.280000
291.480000 6072.740000
291.380000 5799.130000
291.280000 6006.030000
291.180000 5963.130000
291.080000 5915.680000
290.980000 5997.180000
290.880000 6139.140000
290.780000 6157.320000
290.680000 6203.970000
290.580000 6298.200000
290.480000 6409.250000
290.380000 6753.540000
290.280000 6783.990000
290.180000 7096.450000
290.080000 7271.110000
289.980000 7585.990000
289.880000 7893.890000
289.780000 8236.190000
289.680000 8591.760000
289.580000 8953.770000
289.480000 9618.450000
289.380000 10026.800000
289.280000 10472.200000
289.180000 11099.000000
289.080000 11473.000000
288.980000 12306.700000
288.880000 12681.200000
288.780000 13446.900000
288.680000 13819.800000
288.580000 14496.400000
288.480000 14974.100000
288.380000 15526.800000
288.280000 15992.000000
288.180000 16982.100000
288.080000 17382.000000
287.980000 18711.700000
287.880000 19855.000000
287.780000 20853.500000
287.680000 21734.000000
287.580000 23611.500000
287.480000 24734.900000
287.380000 26414.700000
287.280000 28598.400000
287.180000 29994.900000
287.080000 31465.000000
286.980000 34164.600000
286.880000 36309.800000
286.780000 39519.900000
286.680000 44561.500000
286.580000 52620.500000
286.480000 65238.100000
286.380000 85980.900000
286.280000 115951.000000
286.180000 159896.000000
286.080000 222137.000000
285.980000 298115.000000
285.880000 385478.000000
285.780000 468191.000000
285.680000 524809.000000
285.580000 538650.000000
285.480000 500127.000000
285.380000 424115.000000
285.280000 334024.000000
285.180000 248843.000000
285.080000 181912.000000
284.980000 132642.000000
284.880000 101139.000000
284.780000 78575.800000
284.680000 63202.300000
284.580000 52022.300000
284.480000 43775.100000
284.380000 37450.500000
284.280000 31612.600000
284.180000 27103.800000
284.080000 23313.600000
283.980000 19814.300000
283.880000 16788.900000
283.780000 13988.400000
283.680000 11895.400000
283.580000 10100.300000
283.480000 8808.120000
283.380000 7222.060000
283.280000 6524.000000
283.180000 5675.210000
283.080000 5027.660000
282.980000 4699.100000
282.880000 4128.660000
282.780000 3840.510000
282.680000 3646.550000
282.580000 3204.740000
282.480000 3159.320000
282.380000 2941.970000
282.280000 2802.860000
282.180000 2802.070000
282.080000 2570.310000
281.980000 2436.780000
281.880000 2469.730000
281.780000 2345.910000
281.680000 2200.400000
281.580000 2111.620000
281.480000 2091.920000
281.380000 2043.540000
281.280000 2082.300000
281.180000 1999.290000
281.080000 1971.490000
280.980000 1854.060000
280.880000 1762.680000
280.780000 1842.540000
280.680000 1774.830000
280.580000 1751.450000
280.480000 1632.660000
280.380000 1696.000000
280.280000 1624.450000
280.180000 1615.420000
280.080000 1577.410000
279.980000 1611.130000
279.880000 1628.010000
279.780000 1526.330000
279.680000 1543.110000
279.580000 1488.530000
279.480000 1529.520000
279.380000 1567.800000
