298.080000 11170.700000
297.980000 10923.000000
297.880000 11204.600000
297.780000 11093.200000
297.680000 10840.600000
297.580000 10662.700000
297.480000 10844.300000
297.380000 10636.200000
297.280000 10387.100000
297.180000 10624.100000
297.080000 10331.100000
296.980000 10428.900000
296.880000 10402.500000
296.780000 10132.400000
296.680000 9813.550000
296.580000 9728.390000
296.480000 9679.980000
296.380000 9774.270000
296.280000 9554.380000
296.180000 9735.220000
296.080000 9527.050000
295.980000 9573.600000
295.880000 9438.860000
295.780000 9464.780000
295.680000 9116.560000
295.580000 9066.650000
295.480000 8937.250000
295.380000 9184.660000
295.280000 8881.740000
295.180000 9025.420000
295.080000 8740.530000
294.980000 8666.170000
294.880000 8765.740000
294.780000 8541.060000
294.680000 8526.940000
294.580000 8725.330000
294.480000 8457.360000
294.380000 8420.060000
294.280000 8332.390000
294.180000 8410.150000
294.080000 8212.720000
293.980000 8245.030000
293.880000 8029.550000
293.780000 7996.670000
293.680000 8016.240000
293.580000 8149.840000
293.480000 7776.480000
293.380000 7881.730000
293.280000 7537.290000
293.180000 7588.570000
293.080000 7493.140000
292.980000 7428.070000
292.880000 7333.290000
292.780000 7409.390000
292.680000 7221.840000
292.580000 7276.270000
292.480000 7008.110000
292.380000 6959.140000
292.280000 6754.200000
292.180000 6832.970000
292.080000 6994.730000
291.980000 6872.980000
291.880000 6813.670000
291.780000 6882.860000
291.680000 6699.020000
291.580000 6574.480000
291.480000 6697.610000
291.380000 6554.350000
291.280000 6736.850000
291.180000 6813.990000
291.080000 6688.560000
290.980000 6740.050000
290.880000 6713.150000
290.780000 6762.740000
290.680000 6789.180000
290.580000 6719.320000
290.480000 6805.600000
290.380000 7185.610000
290.280000 7169.940000
290.180000 7333.130000
290.080000 7499.900000
289.980000 7694.730000
289.880000 7912.370000
289.780000 8274.350000
289.680000 8405.950000
289.580000 8817.320000
289.480000 9405.120000
289.380000 9394.040000
289.280000 10145.100000
289.180000 10388.100000
289.080000 11156.500000
288.980000 11692.100000
288.880000 12232.300000
288.780000 12938.000000
288.680000 13339.200000
288.580000 14183.500000
288.480000 14801.500000
288.380000 15030.900000
288.280000 15832.400000
288.180000 16588.800000
288.080000 17391.300000
287.980000 17820.500000
287.880000 18871.300000
287.780000 19779.000000
287.680000 20425.600000
287.580000 21971.300000
287.480000 22970.100000
287.380000 24076.100000
287.280000 25748.100000
287.180000 26894.100000
287.080000 28942.900000
286.980000 30987.800000
286.880000 32662.500000
286.780000 34326.900000
286.680000 36438.700000
286.580000 39154.200000
286.480000 43464.600000
286.380000 48297.600000
286.280000 57078.200000
286.180000 70382.400000
286.080000 90832.000000
285.980000 123255.000000
285.880000 168042.000000
285.780000 231566.000000
285.680000 309076.000000
285.580000 399489.000000
285.480000 482679.000000
285.380000 542989.000000
285.280000 563344.000000
285.180000 535530.000000
285.080000 464340.000000
284.980000 371378.000000
284.880000 280881.000000
284.780000 206115.000000
284.680000 152689.000000
284.580000 114576.000000
284.480000 88550.900000
284.380000 70742.500000
284.280000 58156.000000
284.180000 49303.900000
284.080000 41834.900000
283.980000 35171.400000
283.880000 30619.300000
283.780000 25798.200000
283.680000 22118.800000
283.580000 18605.800000
283.480000 16117.100000
283.380000 13453.700000
283.280000 11472.400000
283.180000 9983.590000
283.080000 8376.650000
282.980000 7392.560000
282.880000 6509.660000
282.780000 5713.120000
282.680000 5179.360000
282.580000 4601.200000
282.480000 4270.330000
282.380000 4138.270000
282.280000 3834.620000
282.180000 3465.730000
282.080000 3257.200000
281.980000 3108.670000
281.880000 3070.630000
281.780000 2892.300000
281.680000 2719.250000
281.580000 2870.590000
281.480000 2560.920000
281.380000 2438.820000
281.280000 2403.640000
281.180000 2425.250000
281.080000 2224.310000
280.980000 2099.310000
280.880000 1994.100000
280.780000 2001.310000
280.680000 1963.880000
280.580000 1966.590000
280.480000 1893.930000
280.380000 1867.900000
280.280000 1768.780000
280.180000 1839.670000
280.080000 1760.800000
279.980000 1723.270000
279.880000 1806.870000
279.780000 1698.730000
279.680000 1634.270000
279.580000 1642.520000
279.480000 1680.620000
279.380000 1547.650000
