298.080000 15903.700000
297.980000 15882.400000
297.880000 15850.200000
297.780000 15624.200000
297.680000 15397.800000
297.580000 15675.700000
297.480000 15576.400000
297.380000 15282.400000
297.280000 15545.400000
297.180000 15459.100000
297.080000 15659.500000
296.980000 15606.200000
296.880000 15217.500000
296.780000 15442.300000
296.680000 15486.400000
296.580000 15311.400000
296.480000 15600.400000
296.380000 15457.600000
296.280000 15452.700000
296.180000 15901.000000
296.080000 15726.300000
295.980000 15301.700000
295.880000 15539.400000
295.780000 15833.000000
295.680000 16143.500000
295.580000 15883.300000
295.480000 15876.400000
295.380000 16352.600000
295.280000 16244.700000
295.180000 16494.400000
295.080000 16702.900000
294.980000 16558.000000
294.880000 16864.200000
294.780000 17027.100000
294.680000 17014.300000
294.580000 17168.500000
294.480000 17182.000000
294.380000 17408.400000
294.280000 17573.000000
294.180000 17349.500000
294.080000 17720.500000
293.980000 17506.300000
293.880000 17676.000000
293.780000 17892.800000
293.680000 17854.100000
293.580000 17952.600000
293.480000 18096.500000
293.380000 18283.800000
293.280000 18399.400000
293.180000 18659.200000
293.080000 18467.600000
292.980000 18481.700000
292.880000 19029.200000
292.780000 19577.400000
292.680000 19626.100000
292.580000 20403.100000
292.480000 20460.800000
292.380000 20452.900000
292.280000 21444.500000
292.180000 21613.800000
292.080000 21983.400000
291.980000 22655.100000
291.880000 23013.700000
291.780000 23399.000000
291.680000 23980.400000
291.580000 24516.900000
291.480000 25113.000000
291.380000 25303.200000
291.280000 25434.200000
291.180000 25486.700000
291.080000 25824.300000
290.980000 26517.600000
290.880000 26258.100000
290.780000 25908.700000
290.680000 26433.900000
290.580000 26254.000000
290.480000 26245.800000
290.380000 26113.500000
290.280000 26150.400000
290.180000 26052.700000
290.080000 25801.900000
289.980000 25899.900000
289.880000 25732.000000
289.780000 25278.800000
289.680000 25292.800000
289.580000 25023.900000
289.480000 25358.200000
289.380000 24926.200000
289.280000 24781.300000
289.180000 25241.100000
289.080000 25026.300000
288.980000 25058.900000
288.880000 24843.300000
288.780000 25276.400000
288.680000 25183.800000
288.580000 25154.000000
288.480000 25338.600000
288.380000 25574.000000
288.280000 26161.800000
288.180000 26610.200000
288.080000 26486.700000
287.980000 27497.200000
287.880000 27803.600000
287.780000 28357.700000
287.680000 28737.800000
287.580000 29801.800000
287.480000 30163.100000
287.380000 30880.200000
287.280000 31690.400000
287.180000 32613.800000
287.080000 33654.300000
286.980000 34985.700000
286.880000 36333.900000
286.780000 37330.200000
286.680000 39160.200000
286.580000 40895.200000
286.480000 42743.900000
286.380000 44991.200000
286.280000 48407.600000
286.180000 53059.500000
286.080000 59755.100000
285.980000 67967.800000
285.880000 80937.800000
285.780000 99373.800000
285.680000 122913.000000
285.580000 151479.000000
285.480000 180211.000000
285.380000 204505.000000
285.280000 220488.000000
285.180000 226026.000000
285.080000 226657.000000
284.980000 230952.000000
284.880000 241991.000000
284.780000 263157.000000
284.680000 291451.000000
284.580000 316043.000000
284.480000 327408.000000
284.380000 317813.000000
284.280000 289105.000000
284.180000 244424.000000
284.080000 195274.000000
283.980000 152908.000000
283.880000 117057.000000
283.780000 88634.300000
283.680000 66685.500000
283.580000 51201.000000
283.480000 38948.500000
283.380000 29980.400000
283.280000 22931.100000
283.180000 17964.800000
283.080000 14671.100000
282.980000 12442.300000
282.880000 10425.000000
282.780000 8960.600000
282.680000 8060.830000
282.580000 7132.590000
282.480000 6431.560000
282.380000 5757.260000
282.280000 5326.500000
282.180000 4762.130000
282.080000 4533.090000
281.980000 4244.410000
281.880000 3926.040000
281.780000 3490.140000
281.680000 3375.520000
281.580000 3241.980000
281.480000 3039.350000
281.380000 2963.450000
281.280000 2804.410000
281.180000 2669.560000
281.080000 2804.420000
280.980000 2471.540000
280.880000 2423.190000
280.780000 2389.910000
280.680000 2360.870000
280.580000 2263.560000
280.480000 2173.170000
280.380000 2314.890000
280.280000 2127.760000
280.180000 2126.550000
280.080000 2025.320000
279.980000 1868.310000
279.880000 1986.500000
279.780000 1889.620000
279.680000 1853.450000
279.580000 1846.200000
279.480000 1866.920000
279.380000 1896.740000
279.280000 1753.090000
