298.080000 15548.900000
297.980000 15486.400000
297.880000 15502.300000
297.780000 15340.200000
297.680000 15160.200000
297.580000 15438.000000
297.480000 15316.400000
297.380000 15140.500000
297.280000 15334.700000
297.180000 15396.200000
297.080000 15339.300000
296.980000 15148.500000
296.880000 15179.200000
296.780000 15374.900000
296.680000 15128.200000
296.580000 14901.300000
296.480000 14738.400000
296.380000 14979.300000
296.280000 15142.000000
296.180000 15086.000000
296.080000 15052.300000
295.980000 15398.300000
295.880000 15228.800000
295.780000 15415.500000
295.680000 15339.300000
295.580000 15607.100000
295.480000 15740.900000
295.380000 15756.900000
295.280000 15785.600000
295.180000 16083.400000
295.080000 15928.100000
294.980000 16419.100000
294.880000 16528.200000
294.780000 16409.300000
294.680000 16641.800000
294.580000 16598.400000
294.480000 16850.100000
294.380000 16962.200000
294.280000 17103.300000
294.180000 17036.400000
294.080000 17282.700000
293.980000 17223.200000
293.880000 17232.800000
293.780000 17246.200000
293.680000 17430.800000
293.580000 17548.000000
293.480000 17811.500000
293.380000 17516.800000
293.280000 18132.900000
293.180000 18411.100000
293.080000 18293.900000
292.980000 18603.200000
292.880000 18889.600000
292.780000 19141.000000
292.680000 18999.300000
292.580000 19723.800000
292.480000 20084.800000
292.380000 20444.100000
292.280000 20928.400000
292.180000 21451.700000
292.080000 21480.500000
291.980000 22290.800000
291.880000 22768.000000
291.780000 23407.000000
291.680000 23671.300000
291.580000 23731.300000
291.480000 24231.100000
291.380000 24559.700000
291.280000 25032.000000
291.180000 24811.300000
291.080000 25425.400000
290.980000 25402.900000
290.880000 25658.500000
290.780000 26055.100000
290.680000 25767.500000
290.580000 25514.600000
290.480000 25809.000000
290.380000 25549.400000
290.280000 25661.100000
290.180000 25345.300000
290.080000 25348.200000
289.980000 25295.500000
289.880000 24941.100000
289.780000 25035.700000
289.680000 24801.700000
289.580000 24916.700000
289.480000 24427.100000
289.380000 24428.900000
289.280000 24243.800000
289.180000 24288.300000
289.080000 24445.300000
288.980000 24294.700000
288.880000 24254.600000
288.780000 24678.100000
288.680000 24756.700000
288.580000 24831.500000
288.480000 24785.200000
288.380000 25082.600000
288.280000 25507.100000
288.180000 25945.400000
288.080000 25561.500000
287.980000 26231.200000
287.880000 27189.900000
287.780000 27450.600000
287.680000 28510.300000
287.580000 29027.500000
287.480000 29136.600000
287.380000 30456.800000
287.280000 31198.000000
287.180000 31690.000000
287.080000 32886.100000
286.980000 34241.900000
286.880000 34858.000000
286.780000 36701.200000
286.680000 38294.600000
286.580000 39749.200000
286.480000 42066.600000
286.380000 43967.100000
286.280000 47488.200000
286.180000 52075.000000
286.080000 58208.400000
285.980000 67857.800000
285.880000 80725.700000
285.780000 99511.800000
285.680000 123517.000000
285.580000 151113.000000
285.480000 180088.000000
285.380000 203832.000000
285.280000 216507.000000
285.180000 221492.000000
285.080000 220913.000000
284.980000 222873.000000
284.880000 234323.000000
284.780000 256563.000000
284.680000 284771.000000
284.580000 308180.000000
284.480000 318636.000000
284.380000 311441.000000
284.280000 282734.000000
284.180000 239479.000000
284.080000 193675.000000
283.980000 149395.000000
283.880000 115601.000000
283.780000 88389.800000
283.680000 67034.700000
283.580000 51210.300000
283.480000 38883.300000
283.380000 29508.400000
283.280000 23014.900000
283.180000 18407.900000
283.080000 14734.200000
282.980000 12094.200000
282.880000 10135.800000
282.780000 8764.820000
282.680000 7835.170000
282.580000 6934.420000
282.480000 6266.600000
282.380000 5649.830000
282.280000 5096.480000
282.180000 4765.460000
282.080000 4489.000000
281.980000 3995.740000
281.880000 3796.220000
281.780000 3635.430000
281.680000 3454.180000
281.580000 3179.260000
281.480000 2974.350000
281.380000 2885.340000
281.280000 2694.140000
281.180000 2710.310000
281.080000 2500.880000
280.980000 2531.690000
280.880000 2388.830000
280.780000 2301.700000
280.680000 2261.870000
280.580000 2264.290000
280.480000 2179.050000
280.380000 2167.510000
280.280000 2028.580000
280.180000 2026.390000
280.080000 1967.250000
279.980000 1974.270000
279.880000 1919.950000
279.780000 1885.010000
279.680000 1901.550000
279.580000 1894.000000
279.480000 1737.920000
279.380000 1731.970000
279.280000 1672.320000
