298.080000 15849.000000
297.980000 15610.500000
297.880000 15759.800000
297.780000 16143.800000
297.680000 15368.700000
297.580000 15609.000000
297.480000 15372.100000
297.380000 15560.700000
297.280000 15366.700000
297.180000 15410.400000
297.080000 15335.200000
296.980000 15364.400000
296.880000 15047.000000
296.780000 15263.300000
296.680000 15298.300000
296.580000 15219.100000
296.480000 15216.300000
296.380000 15243.500000
296.280000 15470.100000
296.180000 15705.100000
296.080000 15615.200000
295.980000 15394.900000
295.880000 15405.200000
295.780000 15744.100000
295.680000 15744.600000
295.580000 15864.500000
295.480000 15749.600000
295.380000 16082.900000
295.280000 16162.700000
295.180000 16031.900000
295.080000 16648.100000
294.980000 16770.800000
294.880000 16688.500000
294.780000 17056.400000
294.680000 16931.000000
294.580000 17161.500000
294.480000 17282.300000
294.380000 17582.800000
294.280000 17296.300000
294.180000 17665.000000
294.080000 17487.900000
293.980000 17368.800000
293.880000 17301.700000
293.780000 17568.900000
293.680000 17418.800000
293.580000 17850.000000
293.480000 17862.600000
293.380000 18200.500000
293.280000 18061.100000
293.180000 18392.300000
293.080000 18567.000000
292.980000 18999.900000
292.880000 19219.900000
292.780000 19562.700000
292.680000 19549.400000
292.580000 19981.700000
292.480000 20536.500000
292.380000 20520.400000
292.280000 21475.900000
292.180000 21846.200000
292.080000 21954.700000
291.980000 22644.200000
291.880000 23365.600000
291.780000 23386.200000
291.680000 23897.000000
291.580000 24405.400000
291.480000 24824.100000
291.380000 24641.000000
291.280000 25382.500000
291.180000 25475.300000
291.080000 25981.400000
290.980000 26066.100000
290.880000 26112.700000
290.780000 26253.900000
290.680000 26414.400000
290.580000 26151.500000
290.480000 26158.900000
290.380000 26274.900000
290.280000 26554.700000
290.180000 25932.200000
290.080000 25662.100000
289.980000 25945.800000
289.880000 25504.900000
289.780000 25691.300000
289.680000 25119.600000
289.580000 25340.500000
289.480000 24635.800000
289.380000 24745.300000
289.280000 24611.800000
289.180000 25279.100000
289.080000 24972.400000
288.980000 24809.000000
288.880000 24996.400000
288.780000 24916.200000
288.680000 25279.100000
288.580000 25197.900000
288.480000 25496.400000
288.380000 25551.200000
288.280000 26052.000000
288.180000 26514.600000
288.080000 26764.900000
287.980000 26774.100000
287.880000 27464.500000
287.780000 28192.700000
287.680000 28373.600000
287.580000 29211.900000
287.480000 30389.500000
287.380000 30794.500000
287.280000 32056.000000
287.180000 32955.600000
287.080000 33699.900000
286.980000 34987.800000
286.880000 36487.800000
286.780000 37657.900000
286.680000 39840.800000
286.580000 40924.500000
286.480000 43111.700000
286.380000 45851.800000
286.280000 49058.400000
286.180000 52834.700000
286.080000 59301.600000
285.980000 69034.700000
285.880000 81805.300000
285.780000 99764.500000
285.680000 123716.000000
285.580000 150793.000000
285.480000 178711.000000
285.380000 202954.000000
285.280000 216215.000000
285.180000 222773.000000
285.080000 224916.000000
284.980000 228392.000000
284.880000 241910.000000
284.780000 264435.000000
284.680000 293695.000000
284.580000 317324.000000
284.480000 327295.000000
284.380000 315330.000000
284.280000 285103.000000
284.180000 240750.000000
284.080000 193154.000000
283.980000 149641.000000
283.880000 114809.000000
283.780000 86852.500000
283.680000 65799.900000
283.580000 50370.900000
283.480000 38170.700000
283.380000 29118.300000
283.280000 22830.900000
283.180000 17624.100000
283.080000 14780.200000
282.980000 12066.900000
282.880000 10327.200000
282.780000 8895.060000
282.680000 7942.690000
282.580000 6955.910000
282.480000 6303.230000
282.380000 5759.580000
282.280000 5011.090000
282.180000 4669.060000
282.080000 4249.700000
281.980000 3854.260000
281.880000 3655.590000
281.780000 3619.660000
281.680000 3326.110000
281.580000 3072.740000
281.480000 3001.180000
281.380000 2871.660000
281.280000 2777.350000
281.180000 2780.800000
281.080000 2662.910000
280.980000 2526.260000
280.880000 2487.340000
280.780000 2440.080000
280.680000 2281.460000
280.580000 2094.730000
280.480000 2131.540000
280.380000 2177.050000
280.280000 2063.190000
280.180000 1999.840000
280.080000 1935.890000
279.980000 1879.010000
279.880000 2023.470000
279.780000 1960.580000
279.680000 1809.370000
279.580000 1860.010000
279.480000 1850.450000
279.380000 1783.650000
279.280000 1710.000000
