298.080000 12308.400000
297.980000 12034.100000
297.880000 12113.100000
297.780000 11804.800000
297.680000 11975.600000
297.580000 11640.100000
297.480000 11742.700000
297.380000 11556.900000
297.280000 11445.400000
297.180000 11188.600000
297.080000 11314.700000
296.980000 10911.200000
296.880000 10885.100000
296.780000 10846.000000
296.680000 10782.700000
296.580000 10686.200000
296.480000 10708.000000
296.380000 10260.200000
296.280000 10355.100000
296.180000 10461.000000
296.080000 10406.500000
295.980000 10101.000000
295.880000 9692.110000
295.780000 9741.550000
295.680000 9765.490000
295.580000 9744.530000
295.480000 9453.140000
295.380000 9457.820000
295.280000 9615.800000
295.180000 9310.860000
295.080000 9323.570000
294.980000 9023.540000
294.880000 9101.520000
294.780000 8861.360000
294.680000 8569.300000
294.580000 8370.530000
294.480000 8448.110000
294.380000 8486.580000
294.280000 8211.370000
294.180000 8194.150000
294.080000 7880.320000
293.980000 7873.970000
293.880000 7586.770000
293.780000 7411.210000
293.680000 7374.480000
293.580000 7413.910000
293.480000 7337.060000
293.380000 7097.340000
293.280000 6880.930000
293.180000 6915.700000
293.080000 6789.390000
292.980000 6676.180000
292.880000 6786.330000
292.780000 6500.670000
292.680000 6358.720000
292.580000 6364.870000
292.480000 6460.440000
292.380000 6365.430000
292.280000 6420.740000
292.180000 6198.180000
292.080000 6240.090000
291.980000 6222.030000
291.880000 6119.790000
291.780000 6181.620000
291.680000 6236.950000
291.580000 6329.660000
291.480000 6242.270000
291.380000 6422.700000
291.280000 6557.410000
291.180000 6416.180000
291.080000 6489.370000
290.980000 6883.200000
290.880000 7000.060000
290.780000 7222.580000
290.680000 7433.940000
290.580000 7728.970000
290.480000 7938.450000
290.380000 8143.250000
290.280000 8638.190000
290.180000 9033.860000
290.080000 9351.650000
289.980000 9855.450000
289.880000 10513.300000
289.780000 11162.100000
289.680000 12058.600000
289.580000 12907.100000
289.480000 13979.500000
289.380000 15243.500000
289.280000 16139.600000
289.180000 17146.600000
289.080000 18557.400000
288.980000 19696.000000
288.880000 20336.100000
288.780000 20993.700000
288.680000 22066.800000
288.580000 23100.500000
288.480000 24247.500000
288.380000 25004.300000
288.280000 25850.300000
288.180000 27413.000000
288.080000 29403.600000
287.980000 31409.200000
287.880000 34276.400000
287.780000 37479.900000
287.680000 42111.300000
287.580000 48421.600000
287.480000 56409.200000
287.380000 69039.100000
287.280000 85445.900000
287.180000 106620.000000
287.080000 134682.000000
286.980000 168364.000000
286.880000 204946.000000
286.780000 243651.000000
286.680000 279818.000000
286.580000 312267.000000
286.480000 336435.000000
286.380000 355828.000000
286.280000 362783.000000
286.180000 362193.000000
286.080000 350799.000000
285.980000 328449.000000
285.880000 299716.000000
285.780000 268945.000000
285.680000 234671.000000
285.580000 205877.000000
285.480000 176268.000000
285.380000 152269.000000
285.280000 131614.000000
285.180000 113956.000000
285.080000 98129.300000
284.980000 85225.800000
284.880000 73329.300000
284.780000 64810.500000
284.680000 58473.700000
284.580000 52680.400000
284.480000 48917.800000
284.380000 46995.500000
284.280000 45758.600000
284.180000 44550.400000
284.080000 42775.900000
283.980000 41796.700000
283.880000 39710.500000
283.780000 37248.000000
283.680000 34405.100000
283.580000 30496.000000
283.480000 26852.800000
283.380000 23290.000000
283.280000 19872.900000
283.180000 16931.100000
283.080000 13817.300000
282.980000 11917.500000
282.880000 10022.400000
282.780000 8486.180000
282.680000 7103.850000
282.580000 6226.920000
282.480000 5163.780000
282.380000 4694.020000
282.280000 4284.490000
282.180000 3849.100000
282.080000 3508.240000
281.980000 3254.870000
281.880000 3083.560000
281.780000 2931.390000
281.680000 2805.450000
281.580000 2672.980000
281.480000 2611.840000
281.380000 2473.400000
281.280000 2356.340000
281.180000 2241.250000
281.080000 2290.970000
280.980000 2175.970000
280.880000 2071.150000
280.780000 2121.780000
280.680000 1987.400000
280.580000 1960.810000
280.480000 2014.480000
280.380000 1927.810000
280.280000 1882.150000
280.180000 1879.870000
280.080000 1884.810000
279.980000 1779.610000
279.880000 1716.880000
279.780000 1659.000000
279.680000 1720.700000
279.580000 1703.570000
279.480000 1804.770000
279.380000 1796.050000
279.280000 1725.170000
