298.080000 12723.400000
297.980000 12353.000000
297.880000 12322.600000
297.780000 12051.500000
297.680000 11800.700000
297.580000 12294.000000
297.480000 12076.800000
297.380000 11918.200000
297.280000 11488.100000
297.180000 11491.300000
297.080000 11493.600000
296.980000 11306.700000
296.880000 11380.200000
296.780000 10992.200000
296.680000 10724.900000
296.580000 10865.700000
296.480000 10395.600000
296.380000 10559.900000
296.280000 10477.500000
296.180000 10596.700000
296.080000 10489.500000
295.980000 10200.400000
295.880000 10261.000000
295.780000 10269.900000
295.680000 10201.700000
295.580000 10111.100000
295.480000 9864.980000
295.380000 9747.090000
295.280000 9830.190000
295.180000 9508.720000
295.080000 9602.820000
294.980000 9376.460000
294.880000 9297.920000
294.780000 9033.540000
294.680000 9135.590000
294.580000 9002.280000
294.480000 8977.530000
294.380000 8698.820000
294.280000 8667.760000
294.180000 8523.710000
294.080000 8210.600000
293.980000 8174.310000
293.880000 8105.090000
293.780000 7898.300000
293.680000 8189.710000
293.580000 8124.070000
293.480000 7689.100000
293.380000 7701.890000
293.280000 7504.450000
293.180000 7596.070000
293.080000 7545.140000
292.980000 7353.030000
292.880000 7021.760000
292.780000 6859.370000
292.680000 6969.820000
292.580000 6479.130000
292.480000 6522.410000
292.380000 6637.190000
292.280000 6339.960000
292.180000 6294.400000
292.080000 6126.070000
291.980000 5952.870000
291.880000 5922.550000
291.780000 5805.570000
291.680000 5652.420000
291.580000 5788.990000
291.480000 5656.310000
291.380000 5474.080000
291.280000 5294.490000
291.180000 5466.900000
291.080000 5396.860000
290.980000 5557.600000
290.880000 5425.820000
290.780000 5382.230000
290.680000 5388.080000
290.580000 5312.850000
290.480000 5492.530000
290.380000 5565.550000
290.280000 5714.680000
290.180000 5857.110000
290.080000 5967.650000
289.980000 6221.880000
289.880000 6386.220000
289.780000 6905.810000
289.680000 7226.510000
289.580000 7634.010000
289.480000 7864.620000
289.380000 8437.420000
289.280000 8925.620000
289.180000 9413.690000
289.080000 10119.800000
288.980000 10527.900000
288.880000 11285.100000
288.780000 12216.700000
288.680000 13100.300000
288.580000 13707.300000
288.480000 14809.200000
288.380000 15979.600000
288.280000 16814.400000
288.180000 18313.000000
288.080000 19473.000000
287.980000 20374.100000
287.880000 21575.500000
287.780000 22277.000000
287.680000 23537.200000
287.580000 24340.800000
287.480000 25475.700000
287.380000 26465.800000
287.280000 28327.800000
287.180000 29549.600000
287.080000 31601.300000
286.980000 33564.000000
286.880000 35423.800000
286.780000 37554.700000
286.680000 40220.000000
286.580000 42824.100000
286.480000 47787.100000
286.380000 54386.000000
286.280000 65396.300000
286.180000 83845.500000
286.080000 115193.000000
285.980000 163967.000000
285.880000 238335.000000
285.780000 341704.000000
285.680000 467423.000000
285.580000 605741.000000
285.480000 725916.000000
285.380000 789605.000000
285.280000 778054.000000
285.180000 690422.000000
285.080000 553537.000000
284.980000 410188.000000
284.880000 290010.000000
284.780000 200712.000000
284.680000 140833.000000
284.580000 101508.000000
284.480000 77421.800000
284.380000 59524.200000
284.280000 48228.000000
284.180000 40073.500000
284.080000 33467.700000
283.980000 28655.700000
283.880000 24465.200000
283.780000 21290.700000
283.680000 17984.900000
283.580000 15373.700000
283.480000 13402.700000
283.380000 11239.000000
283.280000 9707.870000
283.180000 8820.400000
283.080000 7610.130000
282.980000 6528.690000
282.880000 6118.880000
282.780000 5477.030000
282.680000 5399.610000
282.580000 4790.450000
282.480000 4387.010000
282.380000 4197.720000
282.280000 3964.970000
282.180000 3729.950000
282.080000 3697.220000
281.980000 3499.860000
281.880000 3287.360000
281.780000 3134.820000
281.680000 3118.730000
281.580000 3002.700000
281.480000 2921.190000
281.380000 2785.920000
281.280000 2733.320000
281.180000 2625.200000
281.080000 2497.100000
280.980000 2505.340000
280.880000 2430.120000
280.780000 2371.740000
280.680000 2337.990000
280.580000 2315.050000
280.480000 2290.460000
280.380000 2160.370000
280.280000 2093.310000
280.180000 2126.650000
280.080000 1996.580000
279.980000 1964.540000
279.880000 2047.110000
279.780000 1968.470000
279.680000 1943.210000
279.580000 1932.730000
279.480000 1810.660000
279.380000 1862.230000
279.280000 1881.410000
