298.080000 10701.200000
297.980000 10671.600000
297.880000 10469.000000
297.780000 10139.400000
297.680000 10193.400000
297.580000 10035.000000
297.480000 10084.200000
297.380000 9995.590000
297.280000 10049.000000
297.180000 9708.940000
297.080000 9638.950000
296.980000 9604.910000
296.880000 9383.670000
296.780000 9634.940000
296.680000 9248.960000
296.580000 9145.760000
296.480000 9085.340000
296.380000 9050.090000
296.280000 9094.810000
296.180000 8908.410000
296.080000 8801.050000
295.980000 8626.450000
295.880000 8782.010000
295.780000 8785.700000
295.680000 8602.980000
295.580000 8517.440000
295.480000 8650.510000
295.380000 8555.800000
295.280000 8066.840000
295.180000 7941.690000
295.080000 8059.740000
294.980000 8059.960000
294.880000 8069.380000
294.780000 7934.030000
294.680000 7771.720000
294.580000 7604.950000
294.480000 7698.510000
294.380000 7647.510000
294.280000 7725.360000
294.180000 7346.380000
294.080000 7300.810000
293.980000 7009.700000
293.880000 7039.740000
293.780000 6959.570000
293.680000 6708.950000
293.580000 6732.960000
293.480000 6543.640000
293.380000 6628.600000
293.280000 6317.030000
293.180000 6156.460000
293.080000 6092.980000
292.980000 6012.020000
292.880000 6017.440000
292.780000 6054.860000
292.680000 5801.420000
292.580000 5760.960000
292.480000 5429.040000
292.380000 5484.330000
292.280000 5221.990000
292.180000 5393.350000
292.080000 5344.990000
291.980000 5212.280000
291.880000 5220.160000
291.780000 5171.090000
291.680000 5278.130000
291.580000 5166.850000
291.480000 5143.720000
291.380000 5103.590000
291.280000 5098.840000
291.180000 5058.870000
291.080000 5251.330000
290.980000 5198.830000
290.880000 5324.110000
290.780000 5267.630000
290.680000 5440.580000
290.580000 5353.610000
290.480000 5730.190000
290.380000 5631.060000
290.280000 5996.440000
290.180000 6266.000000
290.080000 6474.950000
289.980000 6699.470000
289.880000 6894.740000
289.780000 7280.500000
289.680000 7550.010000
289.580000 8204.650000
289.480000 8599.650000
289.380000 9424.750000
289.280000 10351.600000
289.180000 11013.400000
289.080000 12769.600000
288.980000 14057.800000
288.880000 15949.500000
288.780000 17663.400000
288.680000 19490.200000
288.580000 20637.300000
288.480000 22490.300000
288.380000 23710.500000
288.280000 24895.000000
288.180000 25323.800000
288.080000 25956.100000
287.980000 25754.800000
287.880000 26784.200000
287.780000 27562.000000
287.680000 28377.500000
287.580000 30052.500000
287.480000 31065.500000
287.380000 33545.000000
287.280000 34694.100000
287.180000 36898.100000
287.080000 40012.100000
286.980000 42371.100000
286.880000 46882.800000
286.780000 54141.200000
286.680000 65888.800000
286.580000 86243.900000
286.480000 118477.000000
286.380000 169242.000000
286.280000 245701.000000
286.180000 346814.000000
286.080000 468804.000000
285.980000 590717.000000
285.880000 686634.000000
285.780000 721647.000000
285.680000 686685.000000
285.580000 589025.000000
285.480000 458298.000000
285.380000 331240.000000
285.280000 228134.000000
285.180000 155809.000000
285.080000 108479.000000
284.980000 78511.600000
284.880000 58731.400000
284.780000 46164.400000
284.680000 38175.500000
284.580000 32480.400000
284.480000 27520.600000
284.380000 24340.900000
284.280000 21152.200000
284.180000 19035.400000
284.080000 16591.300000
283.980000 14369.500000
283.880000 12610.900000
283.780000 11371.000000
283.680000 10063.200000
283.580000 8804.770000
283.480000 7853.760000
283.380000 7019.860000
283.280000 6162.890000
283.180000 5633.100000
283.080000 5381.540000
282.980000 4811.130000
282.880000 4296.820000
282.780000 4045.720000
282.680000 3727.880000
282.580000 3617.480000
282.480000 3391.040000
282.380000 3248.040000
282.280000 3212.190000
282.180000 2942.360000
282.080000 2867.140000
281.980000 2827.140000
281.880000 2530.680000
281.780000 2549.690000
281.680000 2473.910000
281.580000 2370.820000
281.480000 2306.940000
281.380000 2334.000000
281.280000 2218.490000
281.180000 2252.210000
281.080000 2170.600000
280.980000 2000.440000
280.880000 2040.750000
280.780000 1935.880000
280.680000 2122.970000
280.580000 1935.970000
280.480000 1884.330000
280.380000 1878.470000
280.280000 1931.880000
280.180000 1801.580000
280.080000 1765.430000
279.980000 1651.480000
279.880000 1604.830000
279.780000 1645.800000
279.680000 1643.520000
279.580000 1681.860000
279.480000 1632.660000
279.380000 1716.440000
279.280000 1567.790000
