298.080000 12913.100000
297.980000 12976.400000
297.880000 12758.400000
297.780000 12801.600000
297.680000 12654.200000
297.580000 12369.000000
297.480000 12225.800000
297.380000 12271.400000
297.280000 12419.300000
297.180000 12450.800000
297.080000 12089.400000
296.980000 11937.100000
296.880000 11749.900000
296.780000 11874.400000
296.680000 11752.400000
296.580000 11650.200000
296.480000 11596.000000
296.380000 11383.600000
296.280000 11189.800000
296.180000 11272.300000
296.080000 11016.300000
295.980000 10787.100000
295.880000 10832.100000
295.780000 10806.300000
295.680000 10833.200000
295.580000 10625.400000
295.480000 10841.800000
295.380000 10476.300000
295.280000 10404.800000
295.180000 10436.300000
295.080000 10141.900000
294.980000 10137.200000
294.880000 9891.980000
294.780000 9969.830000
294.680000 9670.630000
294.580000 9708.690000
294.480000 9536.040000
294.380000 9379.180000
294.280000 9521.820000
294.180000 9444.330000
294.080000 9128.420000
293.980000 9024.720000
293.880000 9285.380000
293.780000 8925.540000
293.680000 8888.920000
293.580000 8671.270000
293.480000 8877.790000
293.380000 8775.700000
293.280000 8763.430000
293.180000 8514.850000
293.080000 8512.660000
292.980000 8459.160000
292.880000 8167.670000
292.780000 8113.410000
292.680000 8124.930000
292.580000 7968.330000
292.480000 8010.610000
292.380000 7950.750000
292.280000 7787.610000
292.180000 7804.190000
292.080000 7715.680000
291.980000 7747.860000
291.880000 7758.710000
291.780000 7701.410000
291.680000 7733.150000
291.580000 7578.980000
291.480000 7871.070000
291.380000 7899.560000
291.280000 7942.480000
291.180000 7784.360000
291.080000 7876.000000
290.980000 7987.430000
290.880000 7917.500000
290.780000 8005.140000
290.680000 8090.380000
290.580000 8352.990000
290.480000 8649.640000
290.380000 8534.560000
290.280000 8555.350000
290.180000 9119.820000
290.080000 9578.980000
289.980000 9934.450000
289.880000 10311.300000
289.780000 10552.900000
289.680000 10992.800000
289.580000 11971.800000
289.480000 12575.600000
289.380000 13350.800000
289.280000 14788.900000
289.180000 15693.400000
289.080000 16973.500000
288.980000 18183.200000
288.880000 19236.800000
288.780000 19914.600000
288.680000 20818.800000
288.580000 21325.100000
288.480000 22085.700000
288.380000 22446.800000
288.280000 22430.700000
288.180000 22776.100000
288.080000 23084.700000
287.980000 23283.600000
287.880000 24608.500000
287.780000 25515.300000
287.680000 26708.600000
287.580000 28321.400000
287.480000 29313.100000
287.380000 31185.700000
287.280000 33352.200000
287.180000 35370.700000
287.080000 36709.200000
286.980000 39051.200000
286.880000 41638.500000
286.780000 43901.700000
286.680000 48162.900000
286.580000 54389.300000
286.480000 63117.300000
286.380000 77066.300000
286.280000 97415.000000
286.180000 126902.000000
286.080000 169665.000000
285.980000 227285.000000
285.880000 301087.000000
285.780000 390785.000000
285.680000 484689.000000
285.580000 566893.000000
285.480000 617932.000000
285.380000 619765.000000
285.280000 573254.000000
285.180000 481375.000000
285.080000 378343.000000
284.980000 281532.000000
284.880000 204262.000000
284.780000 150967.000000
284.680000 114472.000000
284.580000 90130.700000
284.480000 72626.400000
284.380000 61337.100000
284.280000 51801.500000
284.180000 45245.100000
284.080000 39290.400000
283.980000 34703.600000
283.880000 30709.500000
283.780000 27178.800000
283.680000 23776.400000
283.580000 20864.500000
283.480000 18282.500000
283.380000 15783.400000
283.280000 13764.300000
283.180000 11920.300000
283.080000 10169.800000
282.980000 8767.470000
282.880000 7480.520000
282.780000 6748.670000
282.680000 6020.380000
282.580000 5295.020000
282.480000 4909.370000
282.380000 4544.880000
282.280000 4320.230000
282.180000 3775.690000
282.080000 3604.140000
281.980000 3507.660000
281.880000 3338.500000
281.780000 3157.780000
281.680000 3096.570000
281.580000 3035.110000
281.480000 2951.800000
281.380000 2870.850000
281.280000 2715.240000
281.180000 2636.720000
281.080000 2588.650000
280.980000 2565.600000
280.880000 2587.620000
280.780000 2463.030000
280.680000 2423.760000
280.580000 2317.100000
280.480000 2355.250000
280.380000 2195.610000
280.280000 2193.600000
280.180000 2234.230000
280.080000 2063.300000
279.980000 2096.910000
279.880000 2055.050000
279.780000 2041.370000
279.680000 2016.670000
279.580000 1980.820000
279.480000 1879.920000
279.380000 1986.040000
279.280000 1812.650000
