298.080000 13025.100000
297.980000 12847.200000
297.880000 12624.200000
297.780000 12423.200000
297.680000 12418.800000
297.580000 12118.800000
297.480000 12332.800000
297.380000 12230.400000
297.280000 11971.000000
297.180000 11992.700000
297.080000 11818.100000
296.980000 11669.700000
296.880000 11796.400000
296.780000 11702.700000
296.680000 11471.900000
296.580000 11288.500000
296.480000 11169.500000
296.380000 11127.700000
296.280000 10931.100000
296.180000 11093.400000
296.080000 10728.200000
295.980000 10767.800000
295.880000 10811.900000
295.780000 10650.200000
295.680000 10284.400000
295.580000 10261.500000
295.480000 10201.000000
295.380000 10029.000000
295.280000 10036.800000
295.180000 9858.330000
295.080000 9930.560000
294.980000 9727.830000
294.880000 9780.840000
294.780000 9830.780000
294.680000 9302.450000
294.580000 9237.930000
294.480000 9233.920000
294.380000 9069.920000
294.280000 8874.750000
294.180000 8897.810000
294.080000 8763.380000
293.980000 8626.720000
293.880000 8489.260000
293.780000 8240.810000
293.680000 8008.650000
293.580000 7693.110000
293.480000 7791.470000
293.380000 7614.170000
293.280000 7572.540000
293.180000 7434.170000
293.080000 7277.050000
292.980000 7186.110000
292.880000 6987.630000
292.780000 6786.110000
292.680000 6707.720000
292.580000 6736.010000
292.480000 6348.910000
292.380000 6358.390000
292.280000 6224.760000
292.180000 6257.720000
292.080000 6172.370000
291.980000 6003.500000
291.880000 6177.120000
291.780000 6051.860000
291.680000 5954.860000
291.580000 6063.810000
291.480000 6019.640000
291.380000 6123.630000
291.280000 6074.910000
291.180000 6036.630000
291.080000 6282.350000
290.980000 5967.390000
290.880000 6231.290000
290.780000 6366.000000
290.680000 6416.980000
290.580000 6384.280000
290.480000 6956.360000
290.380000 6975.080000
290.280000 7406.970000
290.180000 7626.290000
290.080000 7887.060000
289.980000 8417.700000
289.880000 8714.740000
289.780000 9036.830000
289.680000 9818.040000
289.580000 10463.100000
289.480000 11221.500000
289.380000 12637.800000
289.280000 13749.100000
289.180000 15657.900000
289.080000 17354.400000
288.980000 19634.700000
288.880000 21884.400000
288.780000 24039.500000
288.680000 26362.500000
288.580000 28300.300000
288.480000 29774.000000
288.380000 30243.600000
288.280000 30812.600000
288.180000 31166.300000
288.080000 31168.600000
287.980000 31222.900000
287.880000 32246.000000
287.780000 33517.600000
287.680000 35008.200000
287.580000 37231.500000
287.480000 39765.800000
287.380000 41737.400000
287.280000 44895.200000
287.180000 48753.400000
287.080000 53163.300000
286.980000 60714.900000
286.880000 71276.400000
286.780000 88176.700000
286.680000 117453.000000
286.580000 165829.000000
286.480000 240588.000000
286.380000 347815.000000
286.280000 490809.000000
286.180000 655536.000000
286.080000 811913.000000
285.980000 924016.000000
285.880000 950088.000000
285.780000 881310.000000
285.680000 731221.000000
285.580000 554665.000000
285.480000 390818.000000
285.380000 265415.000000
285.280000 180483.000000
285.180000 124942.000000
285.080000 91078.300000
284.980000 68017.800000
284.880000 53531.700000
284.780000 43515.900000
284.680000 36514.200000
284.580000 31382.600000
284.480000 27083.300000
284.380000 23414.800000
284.280000 20386.200000
284.180000 17733.900000
284.080000 16098.800000
283.980000 13716.200000
283.880000 12325.400000
283.780000 10888.300000
283.680000 9401.720000
283.580000 8653.240000
283.480000 7788.800000
283.380000 7000.620000
283.280000 6572.990000
283.180000 5789.190000
283.080000 5389.270000
282.980000 5282.770000
282.880000 4929.600000
282.780000 4506.730000
282.680000 4397.080000
282.580000 4196.340000
282.480000 4015.470000
282.380000 3778.220000
282.280000 3613.940000
282.180000 3498.380000
282.080000 3502.670000
281.980000 3453.430000
281.880000 3186.950000
281.780000 3062.500000
281.680000 3088.220000
281.580000 2909.120000
281.480000 2881.530000
281.380000 2760.270000
281.280000 2795.620000
281.180000 2670.390000
281.080000 2612.900000
280.980000 2614.650000
280.880000 2451.810000
280.780000 2446.860000
280.680000 2444.840000
280.580000 2458.490000
280.480000 2398.580000
280.380000 2353.700000
280.280000 2309.870000
280.180000 2299.330000
280.080000 2241.120000
279.980000 2294.500000
279.880000 2158.470000
279.780000 2206.200000
279.680000 2189.940000
279.580000 2084.830000
279.480000 2014.790000
279.380000 2003.860000
279.280000 1913.730000
