298.080000 12994.500000
297.980000 13020.600000
297.880000 12832.000000
297.780000 12780.700000
297.680000 12638.600000
297.580000 12811.000000
297.480000 12471.400000
297.380000 12548.800000
297.280000 12238.400000
297.180000 12398.600000
297.080000 12135.100000
296.980000 11930.100000
296.880000 11808.600000
296.780000 11716.700000
296.680000 11507.400000
296.580000 11319.100000
296.480000 11509.100000
296.380000 11100.900000
296.280000 11336.400000
296.180000 11406.600000
296.080000 11159.900000
295.980000 11029.900000
295.880000 10918.600000
295.780000 10778.900000
295.680000 10811.000000
295.580000 10766.000000
295.480000 10696.200000
295.380000 10671.300000
295.280000 10617.300000
295.180000 10326.200000
295.080000 10109.700000
294.980000 10092.100000
294.880000 10140.300000
294.780000 10124.700000
294.680000 9718.530000
294.580000 9803.260000
294.480000 9736.980000
294.380000 9588.690000
294.280000 9593.180000
294.180000 9533.380000
294.080000 9238.130000
293.980000 9178.700000
293.880000 9115.730000
293.780000 8919.180000
293.680000 8984.790000
293.580000 8965.420000
293.480000 8617.240000
293.380000 8516.840000
293.280000 8590.630000
293.180000 8331.070000
293.080000 8327.790000
292.980000 8412.870000
292.880000 8411.740000
292.780000 8166.930000
292.680000 7969.020000
292.580000 8079.900000
292.480000 7866.070000
292.380000 7797.870000
292.280000 7642.320000
292.180000 7869.590000
292.080000 7887.490000
291.980000 7733.720000
291.880000 7826.410000
291.780000 7609.570000
291.680000 7856.680000
291.580000 7802.880000
291.480000 7809.260000
291.380000 7867.700000
291.280000 7978.960000
291.180000 8161.090000
291.080000 8137.760000
290.980000 8202.250000
290.880000 8265.880000
290.780000 8567.340000
290.680000 8562.540000
290.580000 8643.730000
290.480000 9092.780000
290.380000 9392.820000
290.280000 9614.110000
290.180000 9939.190000
290.080000 10383.200000
289.980000 10833.300000
289.880000 11822.500000
289.780000 12504.100000
289.680000 13572.600000
289.580000 14492.000000
289.480000 15777.600000
289.380000 16871.400000
289.280000 17769.900000
289.180000 18956.600000
289.080000 19930.900000
288.980000 20548.800000
288.880000 21750.900000
288.780000 21786.200000
288.680000 22405.900000
288.580000 22894.800000
288.480000 22769.400000
288.380000 23429.200000
288.280000 24026.100000
288.180000 24564.900000
288.080000 25194.600000
287.980000 26286.100000
287.880000 27658.100000
287.780000 29623.900000
287.680000 30999.300000
287.580000 33207.500000
287.480000 34995.100000
287.380000 37421.800000
287.280000 38525.400000
287.180000 40701.800000
287.080000 43429.700000
286.980000 47515.800000
286.880000 52694.200000
286.780000 60286.300000
286.680000 71623.400000
286.580000 89151.200000
286.480000 112468.000000
286.380000 148442.000000
286.280000 200651.000000
286.180000 268712.000000
286.080000 351231.000000
285.980000 446639.000000
285.880000 540915.000000
285.780000 613764.000000
285.680000 644636.000000
285.580000 623021.000000
285.480000 550357.000000
285.380000 445492.000000
285.280000 339788.000000
285.180000 247564.000000
285.080000 179848.000000
284.980000 134090.000000
284.880000 102870.000000
284.780000 81503.400000
284.680000 67341.300000
284.580000 56084.400000
284.480000 47905.800000
284.380000 41568.100000
284.280000 36894.300000
284.180000 32064.000000
284.080000 28745.000000
283.980000 24658.300000
283.880000 21734.200000
283.780000 18787.800000
283.680000 16638.700000
283.580000 14495.800000
283.480000 12424.900000
283.380000 10829.900000
283.280000 9442.330000
283.180000 8253.180000
283.080000 7059.080000
282.980000 6596.760000
282.880000 5580.850000
282.780000 5122.550000
282.680000 4777.330000
282.580000 4364.470000
282.480000 3957.750000
282.380000 3785.680000
282.280000 3728.040000
282.180000 3476.960000
282.080000 3326.300000
281.980000 3268.710000
281.880000 3170.100000
281.780000 2963.720000
281.680000 2956.300000
281.580000 2792.670000
281.480000 2713.110000
281.380000 2647.980000
281.280000 2510.800000
281.180000 2469.940000
281.080000 2581.110000
280.980000 2485.530000
280.880000 2401.850000
280.780000 2400.220000
280.680000 2336.880000
280.580000 2264.010000
280.480000 2191.460000
280.380000 2322.120000
280.280000 2163.980000
280.180000 2047.070000
280.080000 2132.520000
279.980000 2226.780000
279.880000 2119.240000
279.780000 2084.330000
279.680000 1967.500000
279.580000 2006.230000
279.480000 1986.920000
279.380000 1957.200000
279.280000 1922.730000
