298.080000 15305.500000
297.980000 15275.200000
297.880000 15448.800000
297.780000 15445.200000
297.680000 14993.700000
297.580000 15110.500000
297.480000 15145.300000
297.380000 15162.700000
297.280000 15151.500000
297.180000 14963.300000
297.080000 14991.500000
296.980000 14907.300000
296.880000 14801.000000
296.780000 14913.300000
296.680000 14888.900000
296.580000 14935.000000
296.480000 15002.900000
296.380000 14824.800000
296.280000 14996.400000
296.180000 15189.000000
296.080000 15312.400000
295.980000 15523.800000
295.880000 15330.700000
295.780000 15249.500000
295.680000 15434.400000
295.580000 15429.400000
295.480000 15781.900000
295.380000 15339.600000
295.280000 15815.700000
295.180000 16026.000000
295.080000 16022.100000
294.980000 16363.500000
294.880000 16411.300000
294.780000 16637.400000
294.680000 16679.300000
294.580000 16811.500000
294.480000 16744.900000
294.380000 17305.600000
294.280000 17106.100000
294.180000 16998.100000
294.080000 16903.100000
293.980000 17102.500000
293.880000 16906.600000
293.780000 17377.100000
293.680000 17275.300000
293.580000 17315.800000
293.480000 17533.900000
293.380000 17650.600000
293.280000 18024.800000
293.180000 17779.300000
293.080000 18554.700000
292.980000 18657.900000
292.880000 18666.400000
292.780000 19100.600000
292.680000 19602.900000
292.580000 19536.400000
292.480000 20367.200000
292.380000 20602.000000
292.280000 21314.300000
292.180000 21466.000000
292.080000 21752.800000
291.980000 22539.200000
291.880000 22907.200000
291.780000 23340.300000
291.680000 23576.800000
291.580000 24080.000000
291.480000 24613.800000
291.380000 25129.100000
291.280000 25197.700000
291.180000 25280.800000
291.080000 25567.400000
290.980000 25884.200000
290.880000 26150.200000
290.780000 26000.800000
290.680000 25446.300000
290.580000 25919.700000
290.480000 25366.700000
290.380000 25090.500000
290.280000 25293.200000
290.180000 25481.800000
290.080000 25082.800000
289.980000 24821.600000
289.880000 25022.300000
289.780000 24988.300000
289.680000 24899.100000
289.580000 24348.500000
289.480000 24646.600000
289.380000 24360.300000
289.280000 24452.600000
289.180000 24327.700000
289.080000 24325.200000
288.980000 24629.200000
288.880000 24746.400000
288.780000 24703.800000
288.680000 24379.200000
288.580000 24408.800000
288.480000 24834.000000
288.380000 25178.300000
288.280000 25337.300000
288.180000 25583.200000
288.080000 25884.100000
287.980000 26786.800000
287.880000 27084.600000
287.780000 27738.800000
287.680000 28078.300000
287.580000 28502.300000
287.480000 29333.900000
287.380000 30430.900000
287.280000 30899.500000
287.180000 31981.000000
287.080000 33149.400000
286.980000 34322.700000
286.880000 35742.100000
286.780000 36682.800000
286.680000 38003.000000
286.580000 39933.000000
286.480000 41587.900000
286.380000 44611.800000
286.280000 48068.200000
286.180000 52692.000000
286.080000 59269.800000
285.980000 69448.400000
285.880000 83740.500000
285.780000 104929.000000
285.680000 130081.000000
285.580000 160986.000000
285.480000 192048.000000
285.380000 217542.000000
285.280000 229550.000000
285.180000 231541.000000
285.080000 227901.000000
284.980000 225308.000000
284.880000 230548.000000
284.780000 248032.000000
284.680000 275667.000000
284.580000 301187.000000
284.480000 314787.000000
284.380000 311071.000000
284.280000 286676.000000
284.180000 246635.000000
284.080000 200753.000000
283.980000 157407.000000
283.880000 121532.000000
283.780000 93275.900000
283.680000 71778.900000
283.580000 54474.700000
283.480000 41455.100000
283.380000 32164.900000
283.280000 24378.000000
283.180000 18960.400000
283.080000 15152.000000
282.980000 12492.500000
282.880000 10565.300000
282.780000 9053.610000
282.680000 8091.020000
282.580000 7130.640000
282.480000 6368.080000
282.380000 5615.280000
282.280000 5202.150000
282.180000 4592.510000
282.080000 4162.350000
281.980000 3986.680000
281.880000 3866.210000
281.780000 3475.110000
281.680000 3455.980000
281.580000 3236.460000
281.480000 3082.450000
281.380000 2924.410000
281.280000 2684.580000
281.180000 2691.590000
281.080000 2697.880000
280.980000 2387.780000
280.880000 2467.150000
280.780000 2233.090000
280.680000 2310.910000
280.580000 2279.990000
280.480000 2161.810000
280.380000 1991.330000
280.280000 2020.500000
280.180000 2030.890000
280.080000 1922.030000
279.980000 1959.260000
279.880000 1870.290000
279.780000 1813.520000
279.680000 1852.960000
279.580000 1891.790000
279.480000 1838.150000
279.380000 1741.510000
279.280000 1778.970000
