298.080000 11803.000000
297.980000 11626.800000
297.880000 11582.400000
297.780000 11557.500000
297.680000 11379.200000
297.580000 11191.000000
297.480000 11033.800000
297.380000 11097.900000
297.280000 10716.800000
297.180000 10699.400000
297.080000 10891.600000
296.980000 10635.700000
296.880000 10371.800000
296.780000 10692.100000
296.680000 10593.400000
296.580000 10172.000000
296.480000 10153.700000
296.380000 10176.800000
296.280000 10149.900000
296.180000 10005.000000
296.080000 9829.100000
295.980000 9857.270000
295.880000 9510.510000
295.780000 9568.710000
295.680000 9660.780000
295.580000 9286.130000
295.480000 9335.350000
295.380000 9405.100000
295.280000 9360.080000
295.180000 9265.640000
295.080000 9272.430000
294.980000 8956.510000
294.880000 8737.560000
294.780000 8761.770000
294.680000 8668.410000
294.580000 8624.410000
294.480000 8281.640000
294.380000 8211.590000
294.280000 8200.490000
294.180000 8113.570000
294.080000 8220.090000
293.980000 8052.620000
293.880000 7755.650000
293.780000 7583.230000
293.680000 7488.690000
293.580000 7567.370000
293.480000 7466.910000
293.380000 7158.390000
293.280000 6979.840000
293.180000 7097.100000
293.080000 6800.680000
292.980000 6745.860000
292.880000 6735.500000
292.780000 6417.270000
292.680000 6358.300000
292.580000 6234.830000
292.480000 6294.820000
292.380000 5938.260000
292.280000 6008.580000
292.180000 5810.150000
292.080000 5802.580000
291.980000 5639.420000
291.880000 5619.690000
291.780000 5446.970000
291.680000 5588.900000
291.580000 5411.340000
291.480000 5356.860000
291.380000 5370.220000
291.280000 5337.140000
291.180000 5325.200000
291.080000 5494.090000
290.980000 5268.740000
290.880000 5326.950000
290.780000 5392.810000
290.680000 5543.230000
290.580000 5529.670000
290.480000 5685.690000
290.380000 5720.910000
290.280000 6035.190000
290.180000 6078.800000
290.080000 6323.350000
289.980000 6565.290000
289.880000 6892.070000
289.780000 7112.210000
289.680000 7725.470000
289.580000 8183.720000
289.480000 8301.170000
289.380000 8700.740000
289.280000 9683.740000
289.180000 9940.700000
289.080000 10793.300000
288.980000 11273.300000
288.880000 12153.000000
288.780000 13130.600000
288.680000 14008.200000
288.580000 14972.000000
288.480000 16234.800000
288.380000 17253.000000
288.280000 18061.500000
288.180000 19079.900000
288.080000 20505.400000
287.980000 21324.800000
287.880000 22110.200000
287.780000 23417.400000
287.680000 24262.600000
287.580000 25685.100000
287.480000 26982.700000
287.380000 28971.300000
287.280000 29935.500000
287.180000 31293.700000
287.080000 34052.400000
286.980000 36155.000000
286.880000 38185.500000
286.780000 41726.300000
286.680000 46181.500000
286.580000 54352.800000
286.480000 67709.600000
286.380000 89970.300000
286.280000 126782.000000
286.180000 183651.000000
286.080000 267186.000000
285.980000 380864.000000
285.880000 515658.000000
285.780000 652474.000000
285.680000 765085.000000
285.580000 807205.000000
285.480000 771168.000000
285.380000 662837.000000
285.280000 515740.000000
285.180000 373227.000000
285.080000 256834.000000
284.980000 174839.000000
284.880000 120365.000000
284.780000 85976.900000
284.680000 64322.900000
284.580000 49331.000000
284.480000 39251.200000
284.380000 32259.400000
284.280000 26958.200000
284.180000 22963.400000
284.080000 19404.600000
283.980000 16486.400000
283.880000 14209.800000
283.780000 12360.600000
283.680000 10992.500000
283.580000 9505.800000
283.480000 8586.710000
283.380000 7469.340000
283.280000 6754.580000
283.180000 6173.520000
283.080000 5617.250000
282.980000 5223.780000
282.880000 4921.610000
282.780000 4596.060000
282.680000 4413.450000
282.580000 4000.110000
282.480000 3951.260000
282.380000 3808.530000
282.280000 3553.380000
282.180000 3352.030000
282.080000 3282.990000
281.980000 3137.730000
281.880000 3009.150000
281.780000 2874.500000
281.680000 2709.140000
281.580000 2670.270000
281.480000 2687.980000
281.380000 2531.760000
281.280000 2553.530000
281.180000 2345.730000
281.080000 2363.720000
280.980000 2265.030000
280.880000 2186.390000
280.780000 2289.940000
280.680000 2130.520000
280.580000 2146.010000
280.480000 2118.650000
280.380000 2110.020000
280.280000 2068.310000
280.180000 1998.990000
280.080000 1959.930000
279.980000 1924.810000
279.880000 1896.000000
279.780000 1918.740000
279.680000 1842.080000
279.580000 1868.700000
279.480000 1844.850000
279.380000 1808.570000
279.280000 1694.610000
