298.080000 11954.200000
297.980000 12111.800000
297.880000 11816.800000
297.780000 11900.600000
297.680000 11916.600000
297.580000 11619.000000
297.480000 11199.900000
297.380000 11293.900000
297.280000 11184.100000
297.180000 11112.900000
297.080000 10970.800000
296.980000 11002.300000
296.880000 10717.500000
296.780000 10606.700000
296.680000 10749.200000
296.580000 10325.400000
296.480000 10280.300000
296.380000 10347.500000
296.280000 10385.500000
296.180000 10205.300000
296.080000 10101.400000
295.980000 9823.810000
295.880000 9652.100000
295.780000 9757.200000
295.680000 9621.430000
295.580000 9706.030000
295.480000 9867.070000
295.380000 9412.410000
295.280000 9198.950000
295.180000 9149.820000
295.080000 8991.710000
294.980000 8878.600000
294.880000 9069.890000
294.780000 8669.260000
294.680000 8548.420000
294.580000 8585.990000
294.480000 8482.800000
294.380000 8456.970000
294.280000 8486.870000
294.180000 8331.380000
294.080000 8163.190000
293.980000 7903.830000
293.880000 7659.350000
293.780000 7800.470000
293.680000 7683.580000
293.580000 7731.430000
293.480000 7293.720000
293.380000 7189.330000
293.280000 7179.930000
293.180000 7068.910000
293.080000 6779.590000
292.980000 6683.630000
292.880000 6792.040000
292.780000 6578.910000
292.680000 6426.540000
292.580000 6385.670000
292.480000 6131.580000
292.380000 6147.250000
292.280000 6090.130000
292.180000 6100.140000
292.080000 5965.320000
291.980000 5957.940000
291.880000 5886.660000
291.780000 5557.700000
291.680000 5559.700000
291.580000 5555.720000
291.480000 5598.790000
291.380000 5268.780000
291.280000 5395.910000
291.180000 5332.030000
291.080000 5303.120000
290.980000 5228.510000
290.880000 5341.470000
290.780000 5339.320000
290.680000 5318.160000
290.580000 5265.560000
290.480000 5383.490000
290.380000 5360.460000
290.280000 5459.390000
290.180000 5722.300000
290.080000 5986.810000
289.980000 5932.600000
289.880000 6194.810000
289.780000 6595.140000
289.680000 6584.490000
289.580000 6990.160000
289.480000 7331.540000
289.380000 7788.780000
289.280000 8455.370000
289.180000 8995.580000
289.080000 9442.330000
288.980000 10104.500000
288.880000 10826.800000
288.780000 11029.300000
288.680000 11879.300000
288.580000 12858.200000
288.480000 13679.100000
288.380000 14920.100000
288.280000 16136.600000
288.180000 16995.300000
288.080000 18182.500000
287.980000 19484.500000
287.880000 20129.100000
287.780000 21109.500000
287.680000 22309.400000
287.580000 23081.200000
287.480000 23909.700000
287.380000 25414.900000
287.280000 26592.900000
287.180000 28050.900000
287.080000 29737.100000
286.980000 31549.000000
286.880000 33601.500000
286.780000 35922.200000
286.680000 38216.200000
286.580000 40827.000000
286.480000 44901.800000
286.380000 52164.700000
286.280000 63473.300000
286.180000 82097.300000
286.080000 113525.000000
285.980000 163417.000000
285.880000 237390.000000
285.780000 338580.000000
285.680000 464656.000000
285.580000 596247.000000
285.480000 707108.000000
285.380000 764953.000000
285.280000 743388.000000
285.180000 655468.000000
285.080000 521628.000000
284.980000 383421.000000
284.880000 269573.000000
284.780000 186224.000000
284.680000 131160.000000
284.580000 95133.300000
284.480000 72309.800000
284.380000 56714.100000
284.280000 46690.000000
284.180000 38778.400000
284.080000 32335.700000
283.980000 27631.300000
283.880000 23657.500000
283.780000 20050.800000
283.680000 17461.400000
283.580000 15024.400000
283.480000 12936.200000
283.380000 11267.900000
283.280000 9743.240000
283.180000 8393.250000
283.080000 7188.060000
282.980000 6499.400000
282.880000 5873.410000
282.780000 5413.100000
282.680000 4813.550000
282.580000 4678.530000
282.480000 4395.080000
282.380000 4038.400000
282.280000 3660.150000
282.180000 3536.340000
282.080000 3314.280000
281.980000 3352.690000
281.880000 3179.480000
281.780000 3074.640000
281.680000 2910.530000
281.580000 2841.390000
281.480000 2888.910000
281.380000 2736.190000
281.280000 2519.520000
281.180000 2515.150000
281.080000 2373.930000
280.980000 2337.630000
280.880000 2226.920000
280.780000 2264.140000
280.680000 2221.560000
280.580000 2162.000000
280.480000 2021.770000
280.380000 2066.390000
280.280000 1954.910000
280.180000 2050.400000
280.080000 2019.790000
279.980000 1907.990000
279.880000 1930.300000
279.780000 1857.260000
279.680000 1862.790000
279.580000 1863.100000
279.480000 1884.180000
279.380000 1802.550000
279.280000 1853.090000
