298.080000 13013.700000
297.980000 12986.200000
297.880000 12769.900000
297.780000 12468.000000
297.680000 12640.500000
297.580000 12407.400000
297.480000 12216.100000
297.380000 12357.700000
297.280000 11877.800000
297.180000 11799.300000
297.080000 11956.300000
296.980000 11543.900000
296.880000 11323.500000
296.780000 11429.800000
296.680000 11458.600000
296.580000 11266.000000
296.480000 10979.100000
296.380000 10943.000000
296.280000 11065.400000
296.180000 10938.700000
296.080000 10843.400000
295.980000 10759.400000
295.880000 10669.600000
295.780000 10734.800000
295.680000 10331.600000
295.580000 10475.400000
295.480000 10470.500000
295.380000 10061.800000
295.280000 10209.900000
295.180000 9977.200000
295.080000 9856.630000
294.980000 9695.670000
294.880000 9813.800000
294.780000 9894.590000
294.680000 9481.710000
294.580000 9521.390000
294.480000 9352.990000
294.380000 9355.020000
294.280000 9232.000000
294.180000 9183.070000
294.080000 9140.780000
293.980000 9206.570000
293.880000 8902.910000
293.780000 8868.690000
293.680000 9004.500000
293.580000 8588.710000
293.480000 8445.770000
293.380000 8373.470000
293.280000 8401.170000
293.180000 8104.210000
293.080000 8199.400000
292.980000 8119.300000
292.880000 7960.890000
292.780000 7829.490000
292.680000 7796.060000
292.580000 8093.170000
292.480000 7772.000000
292.380000 7753.760000
292.280000 7593.030000
292.180000 7394.810000
292.080000 7573.150000
291.980000 7536.330000
291.880000 7518.090000
291.780000 7401.790000
291.680000 7669.350000
291.580000 7393.940000
291.480000 7546.110000
291.380000 7558.680000
291.280000 7753.860000
291.180000 7566.070000
291.080000 7838.980000
290.980000 7773.020000
290.880000 7777.810000
290.780000 7802.140000
290.680000 7841.020000
290.580000 8176.140000
290.480000 8302.940000
290.380000 8666.010000
290.280000 8747.290000
290.180000 9090.690000
290.080000 9459.230000
289.980000 9619.780000
289.880000 10171.400000
289.780000 10927.600000
289.680000 11375.300000
289.580000 12221.400000
289.480000 13177.000000
289.380000 14144.500000
289.280000 15331.400000
289.180000 16328.000000
289.080000 17395.400000
288.980000 18606.600000
288.880000 19615.000000
288.780000 20273.500000
288.680000 20579.900000
288.580000 21102.100000
288.480000 21128.600000
288.380000 21633.300000
288.280000 22138.000000
288.180000 22287.700000
288.080000 22866.900000
287.980000 23645.900000
287.880000 24421.900000
287.780000 25990.600000
287.680000 27591.200000
287.580000 28766.400000
287.480000 30220.000000
287.380000 32140.100000
287.280000 33983.900000
287.180000 35598.700000
287.080000 37551.500000
286.980000 40058.500000
286.880000 42534.500000
286.780000 46493.200000
286.680000 51892.900000
286.580000 59554.500000
286.480000 71966.000000
286.380000 91619.700000
286.280000 118846.000000
286.180000 157792.000000
286.080000 212810.000000
285.980000 283739.000000
285.880000 371380.000000
285.780000 464519.000000
285.680000 548678.000000
285.580000 607811.000000
285.480000 618470.000000
285.380000 577027.000000
285.280000 491584.000000
285.180000 388044.000000
285.080000 289946.000000
284.980000 211032.000000
284.880000 153690.000000
284.780000 115505.000000
284.680000 90456.500000
284.580000 73908.000000
284.480000 60766.400000
284.380000 51420.300000
284.280000 44720.100000
284.180000 38879.500000
284.080000 34809.100000
283.980000 30758.300000
283.880000 27016.600000
283.780000 23997.900000
283.680000 20757.200000
283.580000 18042.800000
283.480000 16014.900000
283.380000 14059.900000
283.280000 11844.800000
283.180000 10397.700000
283.080000 8946.690000
282.980000 7606.820000
282.880000 6568.780000
282.780000 5849.020000
282.680000 5489.780000
282.580000 4907.160000
282.480000 4518.020000
282.380000 4099.830000
282.280000 3759.640000
282.180000 3799.360000
282.080000 3530.050000
281.980000 3356.850000
281.880000 3183.640000
281.780000 3228.630000
281.680000 3035.510000
281.580000 2784.070000
281.480000 2846.210000
281.380000 2860.970000
281.280000 2725.430000
281.180000 2511.500000
281.080000 2580.560000
280.980000 2481.560000
280.880000 2412.070000
280.780000 2269.850000
280.680000 2304.240000
280.580000 2428.830000
280.480000 2299.480000
280.380000 2159.400000
280.280000 2225.060000
280.180000 2248.740000
280.080000 2174.970000
279.980000 2118.770000
279.880000 1977.890000
279.780000 1985.320000
279.680000 2015.170000
279.580000 1969.710000
279.480000 2034.660000
279.380000 1989.840000
279.280000 1865.050000
