298.080000 12337.500000
297.980000 11756.400000
297.880000 11832.300000
297.780000 11772.100000
297.680000 11809.200000
297.580000 11566.400000
297.480000 11207.800000
297.380000 11379.500000
297.280000 11418.400000
297.180000 11189.000000
297.080000 11094.300000
296.980000 11145.000000
296.880000 10905.700000
296.780000 10842.100000
296.680000 10655.600000
296.580000 10648.000000
296.480000 10193.700000
296.380000 10560.400000
296.280000 10157.700000
296.180000 9982.770000
296.080000 10118.300000
295.980000 10104.800000
295.880000 9923.510000
295.780000 9882.110000
295.680000 9560.660000
295.580000 9654.730000
295.480000 9692.340000
295.380000 9389.510000
295.280000 9473.660000
295.180000 9538.500000
295.080000 9255.250000
294.980000 8995.300000
294.880000 9014.210000
294.780000 8893.800000
294.680000 8723.260000
294.580000 8841.770000
294.480000 8573.460000
294.380000 8536.870000
294.280000 8419.140000
294.180000 8275.300000
294.080000 8018.660000
293.980000 7718.560000
293.880000 7899.590000
293.780000 7647.700000
293.680000 7619.600000
293.580000 7738.820000
293.480000 7673.520000
293.380000 7293.550000
293.280000 7293.170000
293.180000 7053.480000
293.080000 7140.770000
292.980000 6846.880000
292.880000 6655.560000
292.780000 6688.660000
292.680000 6739.260000
292.580000 6534.430000
292.480000 6528.530000
292.380000 6450.950000
292.280000 6288.100000
292.180000 6174.080000
292.080000 5980.760000
291.980000 6022.010000
291.880000 5858.650000
291.780000 5868.060000
291.680000 5911.560000
291.580000 6042.880000
291.480000 5681.370000
291.380000 5850.910000
291.280000 5702.330000
291.180000 5797.760000
291.080000 5873.490000
290.980000 5795.910000
290.880000 5897.190000
290.780000 5862.240000
290.680000 5998.580000
290.580000 6112.740000
290.480000 6076.180000
290.380000 6438.890000
290.280000 6615.530000
290.180000 6847.190000
290.080000 7041.920000
289.980000 7578.580000
289.880000 7864.660000
289.780000 8485.250000
289.680000 8768.230000
289.580000 9334.160000
289.480000 9788.710000
289.380000 10408.300000
289.280000 11231.800000
289.180000 12027.900000
289.080000 12616.800000
288.980000 13523.400000
288.880000 14478.600000
288.780000 15450.400000
288.680000 16687.300000
288.580000 17239.000000
288.480000 18451.900000
288.380000 19498.800000
288.280000 20587.200000
288.180000 21700.000000
288.080000 22513.900000
287.980000 23212.400000
287.880000 24757.800000
287.780000 25350.100000
287.680000 26606.900000
287.580000 28141.400000
287.480000 29797.200000
287.380000 30948.300000
287.280000 32742.600000
287.180000 34523.500000
287.080000 36701.000000
286.980000 40023.300000
286.880000 44190.000000
286.780000 49436.300000
286.680000 59842.400000
286.580000 75830.900000
286.480000 101766.000000
286.380000 144540.000000
286.280000 207601.000000
286.180000 299068.000000
286.080000 416215.000000
285.980000 546490.000000
285.880000 668480.000000
285.780000 750788.000000
285.680000 764757.000000
285.580000 702391.000000
285.480000 583156.000000
285.380000 442762.000000
285.280000 317391.000000
285.180000 219371.000000
285.080000 151878.000000
284.980000 109629.000000
284.880000 82166.100000
284.780000 64476.900000
284.680000 51515.100000
284.580000 41935.300000
284.480000 34938.000000
284.380000 30105.600000
284.280000 26123.600000
284.180000 22200.800000
284.080000 19420.600000
283.980000 16442.700000
283.880000 14144.600000
283.780000 12066.700000
283.680000 10365.300000
283.580000 8840.490000
283.480000 8029.220000
283.380000 7090.570000
283.280000 6334.500000
283.180000 5734.280000
283.080000 5345.850000
282.980000 4978.870000
282.880000 4597.180000
282.780000 4430.090000
282.680000 4043.520000
282.580000 3874.050000
282.480000 3685.630000
282.380000 3567.720000
282.280000 3488.290000
282.180000 3278.320000
282.080000 3155.920000
281.980000 3189.640000
281.880000 3008.450000
281.780000 2984.930000
281.680000 2604.020000
281.580000 2678.600000
281.480000 2589.160000
281.380000 2463.630000
281.280000 2398.940000
281.180000 2459.760000
281.080000 2328.570000
280.980000 2398.370000
280.880000 2174.380000
280.780000 2337.440000
280.680000 2185.760000
280.580000 2200.710000
280.480000 2249.930000
280.380000 2184.200000
280.280000 2061.690000
280.180000 2057.080000
280.080000 2102.260000
279.980000 2023.160000
279.880000 2095.050000
279.780000 2000.500000
279.680000 2056.800000
279.580000 1922.600000
279.480000 2002.480000
279.380000 2024.790000
279.280000 1906.580000
