298.080000 14300.600000
297.980000 13908.800000
297.880000 13589.300000
297.780000 13601.100000
297.680000 13640.800000
297.580000 13092.900000
297.480000 13098.000000
297.380000 12871.600000
297.280000 12799.200000
297.180000 12500.000000
297.080000 12462.800000
296.980000 12486.100000
296.880000 12104.400000
296.780000 12097.300000
296.680000 11919.900000
296.580000 11786.100000
296.480000 11633.800000
296.380000 11616.200000
296.280000 11095.600000
296.180000 11306.200000
296.080000 11047.000000
295.980000 10852.100000
295.880000 10564.000000
295.780000 10578.900000
295.680000 10666.800000
295.580000 10704.200000
295.480000 10464.200000
295.380000 10286.600000
295.280000 10180.400000
295.180000 9869.470000
295.080000 9882.060000
294.980000 9775.820000
294.880000 9371.480000
294.780000 9469.550000
294.680000 9588.450000
294.580000 9202.700000
294.480000 9039.640000
294.380000 8988.510000
294.280000 8621.070000
294.180000 8669.660000
294.080000 8553.520000
293.980000 8599.870000
293.880000 8281.630000
293.780000 8294.580000
293.680000 8216.150000
293.580000 7654.860000
293.480000 7513.550000
293.380000 7460.130000
293.280000 7355.250000
293.180000 7452.390000
293.080000 6963.550000
292.980000 6744.210000
292.880000 6687.980000
292.780000 6485.010000
292.680000 6621.060000
292.580000 6343.620000
292.480000 6458.800000
292.380000 5913.790000
292.280000 5905.520000
292.180000 5808.630000
292.080000 5902.760000
291.980000 5749.140000
291.880000 5598.130000
291.780000 5390.090000
291.680000 5540.140000
291.580000 5238.740000
291.480000 5345.220000
291.380000 5208.760000
291.280000 5402.390000
291.180000 5256.260000
291.080000 5075.940000
290.980000 5034.860000
290.880000 5030.320000
290.780000 5038.980000
290.680000 5058.470000
290.580000 5133.110000
290.480000 5304.810000
290.380000 5258.130000
290.280000 5414.400000
290.180000 5520.750000
290.080000 5537.170000
289.980000 5664.850000
289.880000 5907.740000
289.780000 6125.160000
289.680000 6441.700000
289.580000 6653.590000
289.480000 7125.430000
289.380000 7485.820000
289.280000 7984.340000
289.180000 8529.300000
289.080000 8927.900000
288.980000 9729.060000
288.880000 10656.700000
288.780000 11256.200000
288.680000 12023.800000
288.580000 13374.000000
288.480000 13843.700000
288.380000 14674.800000
288.280000 15408.200000
288.180000 16168.200000
288.080000 16866.400000
287.980000 17371.200000
287.880000 17861.400000
287.780000 18199.100000
287.680000 18780.900000
287.580000 19532.100000
287.480000 20181.200000
287.380000 21056.400000
287.280000 21729.100000
287.180000 22546.200000
287.080000 23727.100000
286.980000 25162.200000
286.880000 26756.100000
286.780000 28521.500000
286.680000 29862.600000
286.580000 32144.800000
286.480000 33979.200000
286.380000 36665.900000
286.280000 40588.000000
286.180000 45362.500000
286.080000 53549.200000
285.980000 65709.300000
285.880000 84874.500000
285.780000 113413.000000
285.680000 154610.000000
285.580000 208603.000000
285.480000 274664.000000
285.380000 343921.000000
285.280000 408328.000000
285.180000 446204.000000
285.080000 451133.000000
284.980000 420423.000000
284.880000 363909.000000
284.780000 297395.000000
284.680000 236287.000000
284.580000 187951.000000
284.480000 153917.000000
284.380000 133159.000000
284.280000 119581.000000
284.180000 112190.000000
284.080000 106007.000000
283.980000 99076.800000
283.880000 92073.800000
283.780000 83466.200000
283.680000 74603.200000
283.580000 64485.900000
283.480000 54535.100000
283.380000 45009.700000
283.280000 36759.100000
283.180000 30171.700000
283.080000 24445.200000
282.980000 20276.500000
282.880000 16493.300000
282.780000 13619.100000
282.680000 11313.200000
282.580000 9378.900000
282.480000 7933.160000
282.380000 6808.770000
282.280000 5893.330000
282.180000 5480.790000
282.080000 4761.560000
281.980000 4432.740000
281.880000 4064.330000
281.780000 3772.230000
281.680000 3479.320000
281.580000 3316.660000
281.480000 3153.530000
281.380000 2934.460000
281.280000 2762.730000
281.180000 2620.920000
281.080000 2601.670000
280.980000 2535.630000
280.880000 2438.990000
280.780000 2403.950000
280.680000 2207.880000
280.580000 2170.730000
280.480000 2161.500000
280.380000 2146.340000
280.280000 2040.280000
280.180000 1967.340000
280.080000 2109.430000
279.980000 1964.440000
279.880000 2000.930000
279.780000 1887.030000
279.680000 1818.620000
279.580000 1920.830000
279.480000 1789.130000
279.380000 1837.270000
279.280000 1696.730000
