298.080000 11190.700000
297.980000 11247.400000
297.880000 11077.300000
297.780000 10961.100000
297.680000 10808.400000
297.580000 10862.800000
297.480000 10480.700000
297.380000 10536.900000
297.280000 10566.200000
297.180000 10536.900000
297.080000 10283.600000
296.980000 10035.900000
296.880000 9944.840000
296.780000 10280.400000
296.680000 9886.930000
296.580000 9908.060000
296.480000 9958.100000
296.380000 9513.540000
296.280000 9715.830000
296.180000 9688.410000
296.080000 9470.720000
295.980000 9431.090000
295.880000 9213.160000
295.780000 9118.480000
295.680000 9193.260000
295.580000 9038.310000
295.480000 8920.480000
295.380000 8853.230000
295.280000 8788.880000
295.180000 8894.680000
295.080000 8471.750000
294.980000 8455.800000
294.880000 8385.870000
294.780000 8248.670000
294.680000 8192.270000
294.580000 8198.050000
294.480000 7988.320000
294.380000 7947.950000
294.280000 7877.500000
294.180000 7746.190000
294.080000 7574.620000
293.980000 7423.590000
293.880000 7231.030000
293.780000 7294.620000
293.680000 7190.260000
293.580000 7148.040000
293.480000 6742.870000
293.380000 6718.770000
293.280000 6755.740000
293.180000 6536.510000
293.080000 6355.990000
292.980000 6354.920000
292.880000 6208.300000
292.780000 6045.690000
292.680000 5856.680000
292.580000 5951.700000
292.480000 5539.870000
292.380000 5704.040000
292.280000 5523.370000
292.180000 5525.150000
292.080000 5639.910000
291.980000 5371.210000
291.880000 5383.990000
291.780000 5300.480000
291.680000 5425.200000
291.580000 5406.720000
291.480000 5443.470000
291.380000 5621.140000
291.280000 5454.560000
291.180000 5645.780000
291.080000 5634.580000
290.980000 5611.010000
290.880000 5799.000000
290.780000 5891.060000
290.680000 5950.020000
290.580000 6157.190000
290.480000 6803.360000
290.380000 6799.640000
290.280000 7026.940000
290.180000 7376.430000
290.080000 7549.410000
289.980000 8067.360000
289.880000 8477.010000
289.780000 8968.270000
289.680000 9742.130000
289.580000 10354.700000
289.480000 11738.500000
289.380000 13005.300000
289.280000 14420.500000
289.180000 16242.000000
289.080000 18550.600000
288.980000 20645.100000
288.880000 22791.800000
288.780000 24476.500000
288.680000 26177.800000
288.580000 27195.700000
288.480000 27933.400000
288.380000 28185.000000
288.280000 28987.100000
288.180000 29789.500000
288.080000 29987.400000
287.980000 31395.200000
287.880000 32818.800000
287.780000 34526.800000
287.680000 36163.900000
287.580000 37855.600000
287.480000 40478.400000
287.380000 42725.700000
287.280000 45505.700000
287.180000 49283.600000
287.080000 55783.400000
286.980000 66426.500000
286.880000 84478.900000
286.780000 115165.000000
286.680000 164119.000000
286.580000 236345.000000
286.480000 341056.000000
286.380000 472524.000000
286.280000 613597.000000
286.180000 741441.000000
286.080000 817340.000000
285.980000 810602.000000
285.880000 724396.000000
285.780000 584165.000000
285.680000 430464.000000
285.580000 298708.000000
285.480000 201746.000000
285.380000 136073.000000
285.280000 95529.800000
285.180000 69144.300000
285.080000 52425.400000
284.980000 41466.200000
284.880000 34418.600000
284.780000 28990.100000
284.680000 24766.900000
284.580000 21242.000000
284.480000 18491.700000
284.380000 16446.500000
284.280000 14275.400000
284.180000 12538.100000
284.080000 10886.900000
283.980000 9736.270000
283.880000 8597.440000
283.780000 7930.190000
283.680000 7321.840000
283.580000 6301.640000
283.480000 6020.470000
283.380000 5519.850000
283.280000 4905.720000
283.180000 4750.100000
283.080000 4373.150000
282.980000 4180.080000
282.880000 3919.480000
282.780000 3780.650000
282.680000 3514.650000
282.580000 3257.160000
282.480000 3120.350000
282.380000 3082.790000
282.280000 3022.880000
282.180000 2872.750000
282.080000 2891.760000
281.980000 2743.860000
281.880000 2634.040000
281.780000 2648.650000
281.680000 2570.260000
281.580000 2295.610000
281.480000 2277.760000
281.380000 2296.980000
281.280000 2274.990000
281.180000 2276.610000
281.080000 2148.920000
280.980000 2164.720000
280.880000 2165.570000
280.780000 2141.090000
280.680000 1995.950000
280.580000 1974.380000
280.480000 1973.930000
280.380000 1960.760000
280.280000 1925.710000
280.180000 1892.370000
280.080000 1799.250000
279.980000 1986.390000
279.880000 1865.400000
279.780000 1829.620000
279.680000 1797.060000
279.580000 1719.940000
279.480000 1750.030000
279.380000 1667.570000
279.280000 1824.560000
